11. INDEX 9999019914 345

199, 93 994, 9. 9. 103 9991 93399999 90, 913 94, 99

6, 878, 84, 888, 317, 808, μετρη ναι 13818, 866, 5

991191’09,11'. 99330990319994’313233-
μεταπίπτει 46,16. θέτης 94,10 Ᾰετρηθέτιοιν
μετατίθημι 9499 ατίθεσθαι 138, 6

198, 87 μετ4844ω 88,0 6 με· μέτρη4ις 866, 8 μετρήσεως 864,

τατ66646ης 84810. 16 μετρήσει 66, 6. 88, ·184,

μετιτχειριζεσθαι 98,18 16, 186, 6, 138, 8 μέῘ
μεταφέρει 84814. τρηοιν 6, 4, 36, 16, 99,193
μετεωρίσει 902,19 70,,6 98’,3, 188, 10, ·99'9, 80
μετέωρον 888,1, 810, 81 με· μετρησεις8,4, 16,13,66,18,
τεοιρότερον818, 18, 814, 6, 1868, 138, 9 μετρήσεων 8,
999, 90. 93 4, 9'3 6,’6, 146, 4.
μετρῶμεν 74, 7 μετρεῖν 90,18. μετρικων 81.
18, 186, 5, 868, 11, 874, 8, μέτρονθΗ 7· 910, 1· 8,78,3. 18
999, 19 31'9309599999,15 μειροι 999, 103 ιὀο, 1439-
μετροῦντες 898, 8 ἐμέτρουν τριμ 884, 8 ,44τρα 868, 4
78, 89 μετρήσιμεν 88, 8, μέτροις 87,8 16.
99,9399,193194,14.'139 μέχρι 9, 11‚19, 11,90, 19.
99'9,193 994,911'3 666,6’ μηοαμόοεν 199,993 994,19
εμεέρ ,τε 994', 13 '999, 11. 9394140193 990,'4.
13 μέτρησιν 86 89 ἐμετρή- μηδέν 98 11, 140, 14· 814, 9,
ταμεν 98,6 μετρήσαμεν 80,7 800, 84 μη8ενὶ 814,’ 8.
μέτρησον 108,14. 17, 188, μηδεμιᾶς 16416, 168,11 μη·
94. 86 μετρῆσαι 88,1. 86, ὃεμιᾷ 36,19 μηδεμίαν 96,
64, 9. 903 99, 993 99,193 16.
99, 143 99,193 99, 1. 193 μηεειι 99414.
109, 93 104,93 109,993 119, μῆκος 64, 99. 993 99,193 166,
616, 11616, 116, 943 190, 93 111, 993 194, 193 199, 9.
993 199,143 190,9.913 100, 9113 900, 9. 903 904, 6. 14,
4. 193 199, 19. 903 199, 913 919, 913 999, 193 999, 9. 993
199, 903 990,193 994, 9. 943 900, 9. 113 909,19 μήκους
999, 93 944, 193 900,193 99,193 994,19 μιμει 46, 94.
994,113 990993 9144. 99. 913 94,193 199, 103
193 999, 9. 99 μετρήσαντι 9091 μήκη 994,193 9094.
99, 14 μετρήσαντες 99143 μην 1'9,93199,19.
119193 199, 11. 993 999,14' 3933993'3 9'09,1'1
μεμετρηιιέναι 90, 83 μεμετ’ρή- μηχανήματα 190,19.
κως 9999 μετρεῖται 66, 3, μηνύουσιν 898, 16 μηνοσαι 888
94, 9. 90. 993 100,93 119’, 93 99
999, 90 μαρεισομι 99,'39 μηιε 999,39 9991914.
90,7,98,17,138,10 μετρ-οο μικροί 140, 10 μίιιροί 140, 14.
μένη 896, 6 μετρούμενον μινροψοχοτέροις 140, 19
999, 84 μεμετρῆσθαι 90,6 μίλια 314,18.
μεμετρημένον 868, 86, 864, μιμήματος 868, 18, 87014,
15 μεμετρημένον 1994 με· 87810 μιμήματι 87814.

1

 

