338

νμνηωψνψ,
13, 34,6, 42,1, 68, 7. 26,
70, 11. 14. 16. 18. 20. 21,
ωωπκμωωμ
Qmemfflssw
mssQOfflmm
9mmwmmffiw
mssaffimmzm
Mwssfflffifflflffi
mmmfflnmssm
mststffimflmae
Qaemfflfflfflfflae
νωῌωωψφη
ammmtfflmffl
mssaemmflstm&
wawsswmffl
ffldsswssstwm
2wamfflmw
wmfflfflwwmss
ἴσα 8, 5, 66,8, 78, 9. 11,
ωνκωωῌψω
ψηψνωμω,
αωπωηωψω,
wkawmmw
mwssmwme
mfflfflfflmmmm
wmamemmffi
ἴσοις 140, 5 ἴσας 22, 26.
wwmffiwme
mmmffistmwssm

ἰσοσκελοῦς 86, 3 ἰσοσκελῶν ’
2QQQQQQQQ

ww

ἰσοϋψεῖς 98, 7.
&mmmm

,ἰσοχρόνιος 314, 7.

ἵσταται 190,11, 214,5 ἔστησοι

ΜΛηΜμψηω.

στήσας 222, 1, 258, 5, στα-

θήσονται 204, 12 ἑστηκός

,η

ἱστοροῦσι 138, 8 ἱστοροῦντες

οῇᾗων

ἴτυς 68, 23 ἴτυος 70, 5,
,‚1QL

H. INDEX VERBORUM.

K

καθά 308, 2.

καθάπερ 126, 21, 190, 25,
194, 2. 26, 292, 25, 306, 24.

κάθαρσιν 254, 3,

κάθετος 8,18, 10,1.12, 14,
15. 21. (22), 16, 8, 24,10,
26, 8, 28, 31, 30, 21. 29,
32, 19. 28, 34, 3, 21. 28,
36, 6. 24, 40, 11. 14. 16. 18,
42, 9. 25, 44,16, 46, 25,
50, 20, 54, 12. 24, 56, 22,
64, 5, 70, 27, 72, 12, 74, 9,
76,10, 80,12, 82, 4, 94, 27,
98, 19, 100, 10, 102, 8,
104,10, 106, 30, 110,1. 11.
20, 25, 112, 12, 116,1,
122, 15. 20, 23, 132, 23,
136,1. 3, 138,1, 146, 8. 20,
150, 5, 166, 8, 168, 5,
180, 20, 222,13, 230, 5. 21,
26, 232,1, 236,11, 240, 3.
5.11. 13, 252,6, 268, 24.
26. 27. 28, 270,11, 272, 27,
278, 4. 19, 280,11, 290, 23
καθέτου 18, 14, 20,10, 26,
2. 3. 28; (28, 1), 72, 23,
74,19, 76,15, 80,10, 96,25,
148, 21, 166, 7. 27, 230, 17,
232, 14, 234, 20, 252, 3,
280,5.8. 19 κάθετον 14,20,

26, 34, 27, 74, 1. 227,
QQQQQQQQ
mfflwmwnffiffi
2mmmwffimQ
wmmfflfflwffist
wffiwwnfflmffi
mwwmaemssm
123 236‚7.10.22; 238,2;
2waffiast533
mmmmmnmss
mmmmwmffim
11 καθέτων 34, 4, 112,3
animove 10,16, 234,16.

 

