H. INDEX VERBORUM. 351

104, 17. 18. 22. 28. 29, 106,
146666666
1666μ64ὴω,
wstmannwaw
mstmmffinmam
lefflssQffidmffi
19. 20. 263 146,10. 243 148,
243 162, 14. 183 178, 13,
666;61466;64
10. 14, 216, 11, 218, 9,
Μωπωῃωῶυ,
mffiffifflmffiffiffia
663mst662m
mstnmzffimffn
mffimfflQwffiQw
398,10 τούτου 16, 11, 20 ,6,
26, 16, 76, 12, 80, 7. 13,
92,6, 94,,1 96,18, 120, 24,
218, 6, 262, 16, 290, 11
ταύτης266, 18, 264, 20 τού-
QQLQ'wAQffi
26½6st66st66
mamumwm
314, 9 ταύτῃ 76, 6, 164,13,
mmssmfflmfflww
260, 26, 290, 3, 302,10
τοῦτον 116, 29, 122,4· 128,
6682mm'26w}
242, 26 οὗτοι 66, 17, 74, 4
23 ταῦτα 14, 16, 16, 4. 9,
18, 19. 20, 36, 7. 9, 32, 17,
,1634666466
44. 28, 46, 1. 2, 48, 26,
mmmffiffifflfflmoe
666146646
61ω664664
108, 20, 116, 4. 7. 8., 120,
14, 122, 6, 124, 7. 9. 11,
144, 26. 27. 28, 146, 26,
160, 4, 162,1.4, 164,27,
16Μη166166
182,10. 203 260, 8· 296 ,21,

32,16.19, 36,7, 38,28, 40,3.
7, 42,11, 44, 28, 46,3,
48,26, 62,10, 64,6; 66,16,
68, 10, 60, 6, 62, 9. 27,
64, 30, 66, 22, 68, 9, 70, 3,
74,2, 76,4, 84,1, 102, 3,
108, 19, 116, 7, 118, 20. 21,
122,12, 124, 8. 12, 130, 24,
142, 1, 144, 26, 160, 12,
176, 27,178,1, 182, 13,
184, 2, 216, 173 26210,
280, 2, 284, 6. 9, 302, 3,
304,16, 310, 20 τούτοις
92, 7, 200, 7 tame 92,11,
188, 21, 290, 6.

ο666μ6646666,

28,31, 30,6.8, 32,1620, 34,
17, 36,4, 38,27,42,6,44,23,
48, 24, 62, 9, 64, 2, 66,14,
68,9, 60,4, 62, 8. 26, 64,29,
68,16, 76, 1, 82, 2, 88, 20,
90,12, 94,16, 96, 2, 104,
17, 108, 11, 110, 16. 29,
114, 28, 118,17, 122,26,
128,22, 132, 2, 144, 7. 19,
146, 10, 148, 8. 131630,
160, 10. 11. 20. 23, 162,18,
164, 21, 166, 14, 168, 4. 73
8, 160,4.7, 162,,16, 164,
1. 103 168, 1. 3, 170, 22,
172, 8. 16, 174,17, 176, 1.
14. 233 180, 31, 182, 9. 16,
184, 1. 8. 19, 194,18, 204,
13, 212, 16. 29, 216, 17,
218,14, 220,10, 224,14,
240, 26, 244, 6. 11, 246,18,
248,1,16, 268,3, 262,7,
264, 6, 266, 7, 268, 16,
274,16, 278,18, 282,19,
20,284,4, 286,14, 300,16.

waffmw.
ὀχήματος 294, 4, 298, 1.

308,19 τούτων 4, 4. 26, 6, ὄχθης 222, 3. 7 ὄχθῃ 220,19,
1. 6, 8,12, 10,16, 14, ,112 222, 2 6χθαι 220, 19 ὄχθας

1416,16,6.8.,918,16

222, 14

.66666;64’ω ww'msswwfflm

 

