Ι

322

2,1’5, 4, 2, 8, 22, 14, 21,
40,18, 54,12, 76,19, 80,
14. 20, 84, 16, 86, 4, 90, 8,
96, 22. 27, 102,11, 122,18.
21, 124,5, 140,9, 142, 4,
176, 7, 240, 4,· 268, 24. 26.
27. 28, 272,8, 278,19, 284,
24, 290, 29, 294, 7, 900,15,
302,7 αὐτοί 70, 18, 72, 24,
90,Ι 10, 92,12, 104, 25, 106,
6, 108, 3.7, 110, 26, 114,
21. 24,·118,8, 148, 28, 150,
22, 154, 8. 19, 210, 8, 214,

’ mmmfflwfflmm

2fflwwsswwfflz
2Qmmmwmma
ffmzmmwmw
wsswfflssfflfflm
ffimwffimmstm
αμαοωεωω,
7, 156,18, 164, 9. 15, 168,
Μωαωαωῃη
fflfflwwffifflmffi
mmmmmm23
mffimfflmwmffl
wmmmmmmffl
22ffi2fflssfflfflzffl
mwmQffimffl;
mwmssffimu
27 αὐτοῖς 78, 8. 22, 290,12,
φησωααωάω,
Qumfflwwmn
αὐτούς 8, 17, 904, 26 αὐτάς
σοφωαωωψ
mwwm

αὐχμῶν 284,16.

ἀφανῶν 268, 17.

ἀφελοῦμεν 112, 16, 172, 28
ἀφέλω 280,6 ἀφέλωμεν 198,
αάὼψοωμα
lhffisshffissstz
ωωαωάααα
5, 42, 22, 44, 27, 46,1,
mmmmoemffl;
mfflmffimwma
17, 184, 9, 284,7 ἀφελεῖν

Π, INDEX VERBORUM.

mumffiffimffla
14, 274, 7. 11. 13 ἀφελόντα
68,14 ἀφελόντες 12416,

288,7 ἀφῃρήσθω 168,4
νωααφοη
ἀφιεμένων 194, 10 ἀφῇ 202,
ἀφορίζουσα 268, 2. 19.
&wfflffiwssnmm
mffimflmmz
ἀχρις 194, 14, 216, 6, 218, 26,
Μμοάωῃωα
Μοωάωαωψ
ssfflmwfflwm&
208, 4, 288, 9. 11. 14.

Β

βαδίζεσθαι , 902, 9. x
βάθος 194,19, 29419 βά..
· 9ονς 921617 βρίθει 294,
βαλανείοις 192, 9.
βληθείσης 200, 28.
&mmmmmmwa
15, 310, 6. 13. 22. 28. 29,
.αῌοαωωαω
a1o,2⁷ μσρη 254,8; σεε,
26, 290,4 βαρῶν 290, 6.
βεβασανισμένῳ 26219.
mmmmmwmmz
3, 84, 4, 88, 20, 94, 11. 21,
96, 4, 98,17, 100, 7. 19,
wmstmmmum
εωοψωμάψ
112, 4. 5. 19, 27. 29, 114,1.
8. 5. 7. 9. 10.12.18.16, 116,
-ψηωοωοαω
Ιοαφμαμαῂ
ωψαοααοιψ
εααωαμωη
Μωωμωωκψ
αοωααωωα
εωωααοωφ
94, 9. 29, 96, 2.10.13.17.
19. 25. 26, 98, 2. 5. 9. 12,
νοψοαμάω

 

