320 ’ Π. INDEX VERBORUM.

μεν 286, 21 ἀπέδειξεν 84,11, ἀποτέμνονσα 162, 1 ἀποτεμ-

1111, 26 ἀποδείξας 86, 30
ἀποδέδειχεν 133, 16 ἀπε-
δείχθη 162, 19, 30819,

νομένης112,14 ἀποτεμνόμε-
νον 118, 24 ἀποτεμνομένη
111, 1, 111, 16.

111, 11 ἀποδειχθέντα 11, 16. ἀποτομῇ, 1111 &mom 168,

ἀποδίδοται 202,Ιο

ἀποκατασταθῇ 126,16.

ἀποκαταστάσει 314,10 ἀπο-
κατάστασιν 294, 10, 298, 8.
11,114,11.

ἀποκρνβέν 138, 21.

ἀπολαμβάνει 286,3 ἀπολαμβά-
νειν 262,8 ἀποὶαμβὰνοσσαν
218, 2, 280,9 ἀπέλαβον
221, 9, 266, 21 ἀπολάβωμεν
144, 12 ἀπολαβεῖν 26612.
1416. 16, 260,1.6 ἀπολα-
βάν 148,1, 266, 28 ἀπόλαβε
14411, 1111, 111, 16. 16;
168, 14 ἀπολαμβανομένη 301,
11 ἀπολαμβανεσβαι 268,9
ἀπολαμβανόμενα 184,26 ἀπο-
ληψόμεάα 144,16, 212,2
ἀπολήψεται 286, 1 ἀπειλήφ-
11 141, 1, 111, 11, 111, 1.
1, 11. 11, 1111, 111, 111.
12.16; 244,3; 260,1.12,
210,10, 280,14 ἀπειλήφθω·
σαν 260, 21 ἀπειλημμένον
268, 12 ἀπειλημμένα 110,
21 ἀποληφθῇ 116, 21.

ἀπολήγει 284,16.

ἀπολύσεως 284, 21.

ἀπονέμειν 266, 13 ἀπονεῖμαι
140, 6.

ἀπορεῖσθαι 2,11.

ἀπορρεῖ 286, 13 ἀπορρεῖν 284,
19. 23 ἀπορρέον 286,1.

ἀπόρρυσιν 284, 11. 26.

ἀποστάσεις 286, 23.

ἀποστήματος 190,10 ἀποστή-
ματα 286, 24 ἀποστημάτων

ἀποστήσομεν 600, 21 ἀπέστησα
268, 1 ἀποστήσας 242, 1,
258,6 ἀφέστηκεν 204,19.

14, 111, 1.

ἀποφανοῦμαι 224, 6, 288,19

ἀποφανούμεθα 22211, 286,
6, 11 ἀπεφαίνοντο 14, 3
ἀποφαίνεσθαι 66, 12. 22,

= 11,.11, 111, 1111, 1111,

114, 1, 1111, 11111, 111,
11,111,11.11, 111, 11 &16⁰-
φα[ι]νοόμεθα 68,4 ἀποφα·
νοομεθα 68,11, 80,8. 16,
111, 11, 114, 11, 166, 18.
26, 306,16 ἀποφήνασθαι
111,1,1οο,4.

ἀπρόσιτον 19012.
ἀργοτέραν 140,11.
1111111 11, 11, 11, 11, 14, 1,

1111111 1111111111
1111111 11, 11, 16, 6, 66,
11, 111, 14 1111111 11, 11,
111, 11, 1111 11111111
1111, 160,14 1111111,
1, 1 (1), 1111, 11, 11,
11111, 1111, 11111,
11111.

ἁρμόζειν 196, 1 ἁρμοζούσης

310, 26 ἁρμόζουσαν 294, 26
ἁρμόζοντι 196, 11 ἁρμόσει
1,1ο,11,1.14,1ο,1.

ἁρμοστόν 196, 21, 200, 24 ἁρ-

μοστήν 194, 4, 812,4 ἁρ-
μοστὰ 196, 2, 200,1. 12
ἁρμοστούς 294, 16.

ἀρχαῖοι 12, 29.
ἀρχῆς 114, 11, 1111, 11111,

111, 14. 11 ἀρχήν 11111,
111, 11.

ἀρχειν 140,13 ἀρχόμενα 10,9

ἀρξώμεθα 4, 8, 6,3 ἀρξάμε-
νον 298,18.

11111111, 11111, 1111111,

 

