‘-

352 11. INDEX VERBORUM.

παγειλς 190, 95 παγεῖ 194, 91.
παιδιλ ιον 308,11.
παλαι6ς9, 3.

παλαιστάς 904,5 ,

πᾶλιν 4,19,96, 6, ,1, 18,17,
38, 99, 44,1, 60, 10, 76,7,
78, 9, 86, 14, 98, 5, 106, 3,
108, 5. 7, 119,15, 114, 99,
199,16, 196, 7. 19, 130,19,
136, 99, 138,1. 16, 150,11,
159, 3. 95, 156, 9, 174,13,
910, 3. 15, 919, 9, 914, 99,
916, 94. 98, 918,11, 994, 4,
938, 10, 94618, 949, 613,
946,94, 950,3. 7, 954, 91.
93. 95, 955, 97, 964, 11,
966, 1. 9. 5, 968, 3. 11. 14.
97, 994, 7. 19. 90. 96, 996,
13, 998,13, 306, 90, 310, 7.

παντελῶς 988, 91, 309, 9.
πάντας 979, 7, 990, 10.

πάντγ4,98, 198,11 91
πάνυ 140, 6.

παραβάλλιίι 980,1. 13 παράβαλε

ssfflsswssfflffiffl
66666666,

176, 97, 189,11 παραβαλεῖν
194,7 παραβεβλήσθω 168, 6.

παραβοηθεῖν 990, 3.

παραβολῆς 80,11. 19, 84,15.

19 παραβολήν 84, 3, 946,
66667666266 210, 8 παρα-

γέ[γενή]σθοι 916, 7,
παραγω 999, 96, 996, 13 πα-

ράξει 994, 6 παραγέσθωσαν

338, 13 παραχθέντων 998,

παραδείγματος 308, 7.

παραδόξους 99, 8.

παραθέσεως 306, 93 παραθέ-
σεως 310, 95.

παρακελσθοι 994,14. 91, 310,
815, 314,1 παρακεῖσθαι

808,1 παρακείμενος 134, 99
παρακειμένου 996, 7 10. 16,
998, 13 παρακείμενον 996,
11, 998, 7. 10, 319, 7. 12.
13,, 15 παρακειμένως 998, 5.
παραλαμβάνονται 196, 9.
παραλειφθέντα 188, 6.
παραλληλεπίπεδον98,15,10613.
14 15,119,97,118,,5 130,
91, 134, 51317 παραλλη-
266661618 παραλλη-
λεπιπέδῳ 114,6.10.13.15
παραλληλεπίπεδα 98 96, 174,
παραλληλόγραμμονθ, 10, 8,,91
98, 95 (96)98 30, ’,,30 99
66,64668w5;
ωῌμ66666
119, 90. 91. 97. 99, 114, 9.
4. 5. 7.9.10.19.14,16.18.
99. 95, 118, 9. 5, 19615.
6η666ᾙ66
11 παραλληλογράμμου 6,17
(18), 10, 6(7), 84, 93. 31,
106,18, 114,17, 198, 6,
969,15,9,041.4 666'60-
γράμμφ 34,6, 104, 97, 950,
17 παραλληλόγραμμα 164, 99,
6,6;6Μ.4666-
γράμμοιν 970, 6.
παράλληλος 8,19, 98, 8, 30,
6666ῌ666
16666μ6ω6
159,14,158,1 9,169,9.
10,164,13,166,,4 168,13,
179, 18, 174, 6. 1619, 224,
1 93, 996, 4, 930, 94, 939,
1813 26. Η,95 936, 15, 944,
’11. 19, 946, 95, 959, 7 14,
260, 9 14, 97618, 308, 99
666η66·6ω
παραλλήλῳ 94, 96, 96, 1. 8,
lmwumffiffifflffi
6Α6666666
946, 2. 7. 21 παράλληλον 94,
66666666

 

