146, 8, 162, 10, 164, 24,
142,10. 19, 999, 19, 994, 9,
226,12, 232,13, 234,9.’16,
240, 30, 260, 7. 99.

μέγας 306, 13 μεγάλην 140, 9,

μέγεθος 999, 994, 99, 9999,
994, 9ο, 999, 2'13 ’999, ’49,
999, 94 ,99499 144, 4, 944,
99. 24. 99, 944, ιι, 9499,
244, 4, 4. 99, 400,12 4474-
9, 494, 214, 49 ,999999

,,9ωέ9, 140, 49, 9999 με-
γίστου 2, 20, 70, 10, 86, 31,
302, 13, 306, 8 μεγιστω 1222
μέγιστα 140, 9 μεγίστων 184,
,9909399 10,,9 14,,8 16,1,
18,12, 80, 9, 144, 12, 146,
19 449644'4 919, 24' 4446443
44, 44, 44,,9 14'4, 24 4444-
40414'8,9; 3029 ,99063999
99999

μείζων 72, 6, 74, 26, 76, 9.
49, 9919, 9999, 110, 9,
949, 49, 999, 9, 999, 99
μεῖζον 10, 24, 12, 7. 11,
14, 22, 44,11, 60,13, 76,
11. 12. 18. 22, 78, 7. 18,
80,,.5626.28, 82,1,172,
26 μείζονος 68,16.19, 124,
16 μείζονι 194, 6 μείζω 140,
13 μείζονα 38, 2. 6· 66,16,
79, 8. 22, 119, 7, ’214’ 11,
284, 21· 300,13, 312, 20
μείζονες 312, 20 μ97ζ999 300,

μεῖον 268, 3, 274, 9, 286, 11.

μειούρων 1761.

μέλανι 202, 6.

μέλλει 246, 23 μέλλομεν 308,2
μέλλουσα 292, 26 μέλλον 138,
49 94949999, 999, 9.

μέντοι 76, 7, 80,10, 28913,

,6996999994 ,9699999129 13,

Δ

Π. INDEX 44440144414.

9499, 999419, 9494. 49,
266, 26 μενόντων 2201 με·
99119418.

,4494999 18, 26, 42, 21, 146,
2124 24 1999, 99994,
168,13,160,11.

μέρος 62, 7, 64, 1, 68, 20,
44, 99, 00,14; 44, 21. 44,
499, 49, 49999, 49944,
136, 6, 172, 20. 22. 24. 28,
444, 4, 4. 49, 4994, 200,
14. 99, 202,12. 99, 204,14;
224, 20. 99, 99, 224, 2. 4.
4, 236, 28, 240, 17. 19,
260, 8. 9. 10, 236,12, 268,
14, 270,10.12,27,2 23·
274, 6, 12. 24. 26. 26, 276,
4949, 99944, 9199 μέ-
ρους190,26.30, 1942, 200,
16· 294,19.26, 300,4 ,14668
74, 26, ’204,11,266,12.14,
9999919, ’9499 ,4,,
4,26, 6,.16’, 212,1,0 228,
49, 9’44,’ 9, 999, 2. 49, 949,
14. 99, 944, 14. 99 μερῶν
142, 4, 999 9, 999, 14. 99,
994, 4. 2. 14. 49, 949, 99,
244,4.11.14; 9494 μέρεσι
999, 9, 999, 99, 994, 4. 99,
234, 2, 248, 4.

44044904'464 304,,7 306,4 με·
οημβρινοῢ 3061.

μέση 204, 21, 264,19 μέσον
60,12, 188,11, 248, 12
μέσον 18, 7, 2641 μέσης
70, 23, 24, 72 8 76, 20,
126, 24 μ’έσῳ 200, 22, ”298
99 μεσους 212, 99 95. 99
μέσας 200,4

mayoc εἴα 188, 8.

μετακ 9094 210,4, 214, 24. 29.

μετακινουμένης 244, 9,

μεταξύ 9949, 4999, 494, 94.
99, 4994, 214, 99, 91941,
999, 99, 994, 49, 999, 4. 99,
230, 7, 232, 3, 234, 17,

 

