A.

354

περιαγόμενον 300, 9 περιαγο-
μένων 300,1.
περιγράφει 312, 19 περιγροί-

ψομεν 444, 46, 446, 46, 46
περιγράψαι 242,21; 2446
περιγραφομένη 246,1 περι-
γραφόμενον 130,19 περιγρα-
φομένης 244,13 περιγραφο-
μένην 246, 11. 20 περιγε-
γρεφεαι 66, 46, 64, 46, 446,
περιέχουσι 40, 25, 94, 4, 104,
30 περιέχουσα 90,8 περι-
εχούσης 90, 11, 260, 23,
262,9 περιέχουσαι 272, 22
περιεχουσῶν 6,12 περιέχεται
134, 19 περιεχόμενος 16,17,
78, 11 περιεχομενον 6,13,18,
4, 66,46, 664446, 64, 44,
466, 46, 444, 46, 46646,
464, 46, 466, 44, 446, 6,
272, 20, 274, 20 περιεχομένου
86, 23 περιεχομένην 90,18.
περίκειται 196,26. ·
περιλαμβάνοντος 4,2 περιλα-
βόντα 464, 46.
περιειληθῇ 90,17.
περίμετρος 66,14. 24, 68,1,
302,14, 306, 14 περιμέτρον
44, 6, 44, 44, 44. 16. 17. 16.
(19); 466, 44, 464, 4, 46,
464, 1. 46, 644, 46 περι-
μετρον 66, 21. 23, 74, 4, 296,
20, 314,6 περιμέτρους 294,9.
περιπλοίσματος 138, 26.
περισσοτέρας 2,10.
περιστεγνοῡται 196, 22.
περιστομίον 286,4 περιστομίηι
466, 2.
περιτείνειν 90,16.
περιτμηθεῖσαν 246,17,
περιτίθεται 190, 27. 28.
περιτό ωμεν 214, 8,
περιφέίιεια 74, 11. 24. 28, 84,
26. 46, 66, 44, 446, 46,
466, 6, 446, 6. 46, 664, 44.

Π, INDEX VERBORUM.

23, 306,ss περιφερείας 66,
29, 74, 13, 86, 24, 246, 18,
466, τ, 664, 44, 666, 46
περιφερείᾳ 46, 22, 86,11,
304, 26. 28, 306, 4 περιφέ-
ρειαν 86,10, 246,7. 12 πε-
ριφέρειαι 72, 9, 76, 24, 78,
410 περιφερειῶν 68,13.

περιφερής 266,6 περιφερεῖ
264, 6 περιφερῆ 66, 3.

περιφέρω 242,11 περιφέρων
242,7. 16 περιφερέσθω 126,
14 περιφερόμενοι 126, 26.

περόνη 294, 3.

πετρώδη 138, 8,

πηγή 466,6 πηγῆς 464, 11. 12.
4446, 466, 12. 16 6622
284, 23 πηγαί 284,17.

πῆγμα 292, 25, 306, 24 πήγμα-
τος 200, 9.

πηγμυίτια 196, 26 πηγματίυυ
200, 3 πηγματίας 200, 1.

πεπηγώς 294, 12 πεπηγότι 294,

πηλῷ 466, 44 πηλόν 466, 22.

πῆχυς 4, 46, 446, 4. 44, 444,
2. 4 πήχεος 4, 22. 29 πήχεις
6, 4, 466, 6, 464, 6, 446, 6.
6. 7. 10. 11. 12, 13. 14. 15,
16. 44, 444, 4. 6646, 446,
644, 444, 46, 466, 46. 46,
466, 6, 226, 44, 466, 16. 16.
11. 21 πηχῶν 466, 46, 446,
13. 14. 15. 16. 21. 24. 25. 26,
27. 28, 218, 1. 2. 3. 4. 7. 10.
12. 15; 256, 19. 21. 22. 23.
27, 296, 20, 298,19 πήχεσι
444, 6.

πίπτουσι 10, 18 πίπτειν 244, 8,
314, 11 πίπτουσα 266, 6 πίπ-
τουσαν 26213.

πλάγιος 1666 πλαγίῳ 196, 26,
464, 44 πιαγιωι 204,13.

πλανᾶσθαι 214, 2.

πλανητῶν 286, 23, 288, 5. 7.

 

