II. INDEX VERBORUM. 355

πλάσαντες 138, 23
πλατος 84 27. 30, 92, 20, 168,
7, 196,6, 200, 21, 220,18,

ομπυΜονάηνάπ,

390,11, 314, 5.

πλινθίδοιν 66, 14.

2221318 πλάτους 9215 πλίνθον 194, 2. 26 πλίνθου

πλάτει 200, 22.
πλάτυσμα 202, 26.

194, 28.

πηποο.

πλειον 19615, 296,5 πλείονα ποιεῖν 94, 26, 242, 21, 274,,8

70, 9· 242, 18, 296, 4 25

πλειόνων 296, 22 π1είονας
Μρεπωηηιάα

νάπαάπώάπ.
πλεῖστον 132, 3, 190, 30.
πλεονάζον 284,15.
πωάάα,άεπςά
10.28; 22,163 24,11.28;
wawffl3543525
πμααμσααμμ,
άιηιαεπ;ωμη
ιν,ιι.εο; ιι,1ι.νν; ιη
wzfflfflsszmssffiffi

9Qffl1wzwfffflnz

51552554553
wffizmwffaeu4m

ιάοομάποααμ·

6. 7, 280, 2, 282, 6. 7. 22,
284,9 πλευρας9216, 132,
11, 156,12, 160,19, 164,
16, 166, 13. 20, 168,11
πλευρᾷ 54,14, 86,8,178,
13, 300, 10 πλευράν 4, 21.
2329, 8,13· 10,19, 18,
15. 21. 22. 23. 25, 26, 27,
30, 28, 36,19, 42,16, 48,
26. 27, 64, 5. 9, 64,
68,10, 84 23 86,6,7 156,
113 160, 12, 172 27, 176,
19· 178,1.,3 184,2 π1ευραί
26,23,108,1418 246, 58
πλευρῶν 18,12, 20, 7, 26, 1,
34, 20, 36, 6. 20, 40,13,
46,12. 16, 58,14, 130, 28,
134,18, 176, 15, 276, 21,

278, 24 ποιείτω 1205, 168
7, 176,10, 180,4 ποιοῦσα
ωηωιάαιωα
ποιοῦσαν 166, 1, 170, 6
ποιοῦντες 218,18, 240, 20,
290, 4 ἐποιοῦμεν 240, 6
ἐποίουν 74, 2 ποιήσει 96, 9,
Παπ;πηηιωια
νάπηάομυιπι
ήσεις 74,19 ποιήσομεν 66,
π;ΜΛ,ΜΛ4απ
ποιήσουσι 174, 20 ἐποιήσαμεν
236, 21 ποιήσωμεν 76,1, 144,
απηοπωπμάη
120, 18, 124, 6. 10, 136,12,
νπυῃάππππά
ιυαμηάαημαψ
ιάηιάααηπα,

184,7 ποιήσαντα 8, 9. 11, ,

122, 5, 130, 22, 136, 18,
138, 11 ποιήσαντες 29, 3 (4),
138, 5, 252, 21 ποιεῖσθαι
298,3 ποιησόμεθα 16, 13
(14) ἐποιησάμεθα 16, 12
ἐποιήσαντο 4, 18 ποιησώμεθα
68,16, 308,8 ποιήσασθαι
2,14, 294,9 πεποίηνται 188,
ιι, 218,8.133 232324 πε-
ποιήσθω 168, 3.

ποικιλομραφῶμεν 254, 28.
πολεμίων 190,12.
πολείσθω 29418. 23.
πολιορκεῖν 190,16.
πόλεις 140,11.

πολλάκις 190,10, 214, 6.

280, 16. 21, 300,3 πλευραῖς πολλαπλασιάζω 278, 27 πολ-

ωαάαπάιπωά
οπ;άη;άηνπ
mwmw4

λαπλοισιοίσαι 94, 29, 100, 2,
ιάεαμάπμυη,
136, 18 πολλαπλασιάσας 130,1

23*

 

