11. INDEX VERBORUM.

6666666
26666666
66666Η6
264,18; 270,9 ε66ε6ας 80,
, 1118, 84,14, 90,10, 94,
6666666
‘mmmwwmm
6666Μ66
6Μ666666
238,3.14; 240,21.23.29;
6666666
260, 2, 262, 10, 264, 10,
,266, 1, 276, 3, 272, 24,
276, 14, 30612 swelce 142
29, 160, 16, 226, 3. 7 8
260, 9 22, 264, 6 εὐθεῖαν
666’6666
6666666
666ῌ666
66666Λ6
22, 290, 14, 22 εὐθειῶν
68,19, 62,18, 174,4, 216,
11, 248,17, 260, 10, 262,
23, 260, 28, 264,16, 266, ’
11, 268, 22, 272, 20· 274,
21 Melone 172,14, 262,
3, 272,16.

ἐφαπτομένας 160, 28.

ἔχω 174, 26. 27. 28, 176,13.
1Μ66666
16, 224, 26, 228, 23, 230,8,
276, 4 ἔχει 8, 22, 18, 26
48, 3. 6, 14. 20. 27, 60, 28.
6666666666·
6Μ6666ι;
6666666663·
6666668
6666666,
6666666
6666666
6666666
666ω666
6666666
66666666
14, 27616, 608, 20 ἔχουσιν
6666666

336

212,22.243x,q4,22.23;94,213
6666666
ἐχέτω 220,11, 286, 3, 294,
19. 26, 310,19 ἔχειν 4,6,
6666666
1ω666666
6666666
28, 86, 7, 88, 21, 96, 17,
6666666
6666666
6666666
6666666
166666Μ6
6666666
6666666
6ΜΜ6666
24, 84, 26, 40,12, 44,1,
56666666
18, 98,16, 102,12. 108, 24,
142, 630, 146,1, 194,4,
666Μ666
6666666
6666666
ἔχοντος 2, 16, 7619, 86, 20,
6666666
666Μ666
ἔχοντι 200,11 ἔχοντα 122,
6666666
6666666
268, 6, 260,4 ἔ οντες 112
w3fflwwmufflv
66Μ56466
204,17 ἔχουσαι 136 26, 264,

86χόντων 216, 17, 6061
ἐχουσῶν 214, 13 ἔχοντά,
214,1 ἐχούσας 1264· 170,

·6Ἣ6666η6

6,6Μη6864
6666666
6666666
6666666
6666666
6666666
6666666
6666666
66

 

