328

0100116ομ00 228, 6, 284, 27,
261014, 288,7 διοπτεύοντες
210, 0.

0100000 100, 21, 2101. 8. 11.
10, 10. 11, 212, 2, 211, 20.
21, 21011, 21021, 222,
22, 20, 22011, 2201, 201,
20, 2100, 20011, 20010,
2606, 272,9 διόπτμας 190,
2221, 20010, 2100, 211,
10. 21, 210, 0, 21011,
220, 1. 0, 2201. 28, 221,
10, 2201, 200,-0. 0, 210,
2, 212, 0. 10. 11, 211, 0. 10,
248,13, 260,1, 266,12.20,
260, 1. 11. 16. 21. 24, 264,
18. 22· 270,9, 272, 27, 286,
1. 20. 24, 302, 4 δ16πτρᾳ
188,16, 242, 2. 121316,
211, 2, 20021, 2000, 200

Π. INDEX VERBORUM.

6. 7, 42,16, 44,12, 88, 7,
124,10, 146, 26, 280, 12.
6410 22, 24, 18, 8, 39, 30,
34,3, 72,8, 76, 24, 78, 4,
101, 10, 112, 28, 110, 812,

28218.

διχοτομίας 78, 4.

διυσθῶσιν 180, 27.

δοκοῦσι 78, 46011010 190, 14

δρᾶν 140, 14.

δύναμαι 224, 24 δύνατει 82,
28,160,16 δυνάμεθα 224,
6, 2,44 13, 276, 20 δύνανται
66, 4, 302, 3 03010001101,
28, 296, 26, 308, 11 δυνά-
μενος 808,4, 314,10 δυνα-
μένη196, 19, 214, 22 δυνά-
μενον 200, 26, 204,16, 272,
1 δυναμένῳ 28214 δυναμέ·
νην138,11,298,1δυνο1μενα

26 διόπτραν 220, 6, 222, 200, 2 δυναμένων 138, 66

1. 26, 224,17, 226,1. 13 001131,ιέ2001, 140,13, 14.
20011, 21001, 20010, 001101, 0000, 01012 11.
268, 6. 27, δυνάμ401ς 48, 6, 310, 20
διοπτρικῆς 19019, 188,8 δι- δυνάμει 26, 26. (27), 42, 9.
οπτρικῇ 29216 διοπτρικὰς 10. 18. 21. 22. 23. 26, 64,17,
20020, 200, 21. 800, 22, 808, 18, 812, 1. 18
διοπτρισμοῦ 216,10. δύναμιν 308, 20, 310, 6. 23
διόρθωσιν 1886. δυνάμεων 808,13.
0100ον 904, 22. δυναμυδύναμις 48, 11. 18. 21.
διορύξομεν 240, 20 διορύξαι δυνατός 280, 27 60001060 20,8,
238, 3, 240, 27. 60,13, 1304· 138,13, 160,
01111010. 11’, 2'00, 1. ’20, 212’, 10,
διπλασία 88,6, 278, 20 διπλᾶ- 214, 11, 22016, 224,16.
120118, 20, 14, 6. 31, 22, 6. 27, 226, 6, 228, 19. 22,

10, 36, 2, 38, 20, 62, 6, 230, 16, '',282 11, 234,310, -

66, 27, 66, 30, 72,18. 20, 236,17. 18. 20. 24. 27, 240,
74,14,100,14,146,16, 6,262,10, 264, 19, 266, 3,
110, 21’. 28, ’100 2,1 211,,0 20020, 211, 11, 21000.
200, 20, 202, 2 0111111101 21. 22. 28. 20, 20011, 200,
1010, 210, 21. 28, 288, 2. 20, 0001020,
διπλασίονες 26, 28. 802, 20.
διννλασιάσαννες 42, 16. δύσεργον 14016.
διπλῆ 34, 7, 46, 26, 64, 19, δυσχερῶς 188,7.10.
70, 20, 72, 16. δυσχρηστίας 288, 26 δυσχρη-
δίς 12, 23, 14, 28, 26, 7, 38, 0010129οἩ4

 

