350 ΙΙ. INDEX VERBORUM.

zuwffimstmvstmz
hzm1nmffiw
wffQOmmm
mffiffiQOffiz
,1maemmwmm

74, 13, 76,22; 80,17, 82,
28, 84,14, 86,23, 88, 27,
90,16, 106, 31, 110, 68,
120,1,122,1.9.17,128,4,
130,17. 27, 138,14, 172,
14. 19, 174, 16, 184, 24,
190, 1, 230, 27, 234, 3,
244,2.14, 284, 13, 286, 7,
288, 26, 302,13, 312,17.
20, 314, 11.

οὐδὲ 12, 6. 8. 9, 286,16, 290,
12, 298, 6.

οὐδεμία 142,2 0064119216,
162, 4, 212, 26, 242, 21.

οὐδοπότερον 310, 23.

οὐκ 2. 9, 4, 16. 20, 12, 2. 3.
6. 8, 18, 22, 48, 27, 60, 26,
66,1. 18, 76, 6. 14, 90,13,
118, 26, 132, 6, 140, 3. 11,
160,16, 168,16, 172,14,
176, 1, 188, 9. 14. 19. 20,
196,16, 202,12, 204,13,
214, 3, 284, 13. 17, 286, 7,
288, 26, 290, 10. 21, 294,17,
298, 4, 302, 20.

οὐκοῦν 14,11, 194,13, 268,
10, 308,12.

ώςῃαμηωη
12, 3, 16, 11, 18, 6. 22,
20,8, 22,21, 26,1, 28,2,
30,1. 27, 36,16, 42,12,
46, 7, 64,7, 66, 6, 68,18,
74, 13, 76, 6. 27, 82, 26,
84, 27, 86,14, 88,16.22,
90, 4. 7, 96, 23, 98, 6. 26,
102, 6. 9, 104,16, 106,7,
110, 6. 22, 112, 13, 116, 26,
122, 16. 21, 124,16, 126, 26,
128, 9, 132, 9. 22, 134,
9. 11. 18. 27, 136,1. 22,

h 138, 1, 144, 21, 148,10,

162, 10. 22. 23, 164,1. 26,
166, 13. 20, 160, 1.14.21,
162, 21, 166,21, 172,14,
174, 20. 22. 24, 178, 26,
180, 2, 182, 24, 188, 1317,
190, 22, 194,16.20, 204, 24,
210, 2. 3, 212, 6. 9, 216,12,
218, 2. 6. 10. 17, 220,13,
222, l. 16. 28, 224, 2. 9,
226, 16, 228, 3. 13. 16,
230, 2, 234, 28, 236, 1223,
240, 9. 16. 20. 30, 242, 3,
246,18, 248, 7. 17, 262, 22,
266, 21, 268, 6. 13, 260, 13.
20, 262. 20, 266, 2. 4. 11. 13,
268,6.11, 270, 6. 16, 272, 8,
274, 6. 14, 276, 6. 6, 278, 6.
9. 20. 24. 27, 280, 3. 10. 11.
14. 17. 27, 282, 10, 284,18,
286, 1. 19, 288, 3. 20. 24,
290, 6. 7. 20. 22, 292,11.
22. 26, 294, 8. 10. 26, 296,
11, 298, 20, 300, 23, 302, 3.
17. 22, 306, 8. 11. 20, 308,
21, 310, 8, 314,11.

οὐράνια 190, 6, 286, 22.
ommffiQOm

76, 7, 116, 26, 164,14,
266, 8, 302, 23 τοῦτο 4, 28,
36,16, 44,14, 46, 22, 78,1,
132, 1, 134, 2, 138, 22,
160, 19, 162, 2, 166, 9,
196, 16, 188, 17, 216, 6,
282, 26, 244, 9, 264, 23,
266, 7, 260, 16, 268, 10,
276, 4, 290, 13, 292, 23,
294, 8, 296, 2. 17, 298, 11,
300, 27, 302,9, 306, 3, 810,
6, 312,12 τουτέστι 22, 9,
24, 3. 4. 8, 28, 24, 32, 8,
42,18, 46, 26, 48, 4. 7,9,
62, 3, 64, 11. 26. 28, 66, 2,
68, 2. 7. 27, 60,2, 62, 3. 21,
64, 18. 27, 70, 29, 72, 4.
6, 80, 12. 19. 23. 24, 84,
10. 16. 17. 24, 86, 1, 100,3,

 

