Π. INDEX VERBORUM.

10, 100, 20, 044, 13. 04,
000, 20. 00, 000, 00, 000, 0,
000, 0, 004, 04, 000, 0. 00,
000, 04. 00. 00, 0000, 004,
04, 00Ι 00, 230, 9, 12, 044,
0, 040, 0000, 040, 0. 0,
000, 00, 000, 00, 004, 00,
000, 00, 0000, 0000, 004,
21,312,20 παράλληλοι 0, 00,
0, 00, 00000, 00004, 000,
0, 000, 10, 103,10, 223, 19,
292, 2, 306, 25 παράλληλα
94, 4, 300, 23 παραλλήλων
000, 4, 00000, 202, 20,
266,10, 304,9, 306,2 ποι-
ροιλλήλοις 8, 23, 104, 25 πα-
ραλλήλους 22214, 232, 26,
000, 00.

παραλογισθέντες 190,18.

παραπῖπτον 204,10.

παρασημηνάμενος 288,12. 16.

παρατίθεται 194,4 παρατιθε-
μένου 240, 23 παρατιθεμέ-
νων 200, 19 παρατεθέντος
000, 00, 000, 4.
παρατρίψεως 290, 6.
παραφέρω 238,13.
παρεμβαίνουσα 294, 5.

παρεπομένου 190, 13 παρασπω-
μένοι 40, 00.

παρέχειν 190, 19 παρέχοντα
188,6 παρέσχον 190, 17 πα·
ρέχεται 190,1 παρεχομένης

παρισὲορῆσοιι 138, 8.

παρυπεραίρουσιν 196, 3.

πᾶς 86, 23, 96, 21 παντός 66,
04, 00004, 0000, 0004,
00000, 004, 0. 00, 230, 21,

. 240,7 πάντες 272, 18 πάντας
0000 πᾶσα 4, 00. 00. 00, 00,
00, 0000, 00000, 04000,
000, 20 πάσης 00, 04, 004,
04 πάσῃ 040, 00, 000, 00
πᾶσαν 4,15. 19 πᾶσαι 4,16.

Heronis op. vol. 111 ed. Schoene

353

00 πάσας 4,10.2·0, 00, 00
πᾶν 0, 00, 00, 00, 00, 00,
84,14, 94, 7, 122,18, 190,
00, 00000, 004, 00 πάντα
40, 0, 000, 00. 00.

πεπασσαλοκοπήσθω 248,17.

πασσαλοκοπία 250,Ῑο

πάσσαλοι 248, 15 πασσάλων
250, 8 πασσάλοις 250, 1. 11.

πάσσων 314, 7.

πάχος 000000, 04, 0, 004,
12. 00, 000, 0. 21, 200, 21
πάχους 92, 16.

παχυμερέστέραν 140,17.

πειρῶνται 290, 3 πειρᾶσθαι
256, 9, 288, 25 πειρωμένοις
000, 23.

πελάγη 190, 9 πελαγῶν 302, 7.

πελεκῖνος 200, 22.

πέμπτη 304, 15 πέμπτοι, 52, 7,
040, 10. 13, 310, 0 πέμπτου
00, 00 πέμπτης 0040000
πέμπτων 50, 2, 891021.
22, 00, 20. 00.

πεντάγωνον 50, 16, 52, 8,
102, 012 πενταγώνου 50,
00, 02, 0. 12, 130,21.20.
29, 138,2 πενταγώνους 136,
25 πενταγώνων 136, 28.

πεντάκις 52, 10.

πενταμήνων 302, 22.

πενταπλασία 276,1.

πενταπλάσιον 50, 4. 14. 24. 26,
00, 13.

πενταπλασίονα 308, 6, 310, 3.

πεντάπλευρον 28, 27.

πενταπλῆ 220, 14. 15, 230, 3.
5, 240, 9, 14 πενταπλῆς 308,
00, 000, 00.

πέντε 132, 6, 308, 21.

πεντεκαιεικοσαπλάσιον 276, 2.

πεπερασμένας 160, 26.

πέρατος 226,8 πέρατι 226,9
πέρατα 214, 13, 240, 28,
044, 0, 0000, 0004 περά-
των 040, 00.

 

