Π. INDEX VERBORUM.

611, 166, 7. 23, 168, 3,
16616, 162, 12. 16. 14. 16.
16, 1661116, 16616,
162, 1616, 164, 6. 6, 116,
6, 164, 161616, 1661,
164, 11, 164, 2. 6. 6. 6. 10.
11. 16. 26, 266, 2. 4. 16. 20.
22, 266, 6.10.11.26.26,
280, 9. 12, 16. 20. 22. 23
666010662264⁸6·
· 6 ι 6 6 ’ 6 6
10, 16,16. 14. 21. (22), 20,
6. (6). 6, 22, 6. 6. 616. 12.
16, 14, 11. 1611. 16, 161.
16, 6616, 666, 66, 21,
44, 6, 46, 4. 11, 46,16. 16,
61, 6, 66, 6, 61, 11, 61, 16.
16, 66,16, 664. 6. 16, 64,
6. 16. 16, 164, 66, 166, 16,
16. 16161616, 166116,
161, 16, 1661. 16, 141, 11.
16. 24. 26, 146, 16, 146, 6.
16, 1666, 16616. 1116,
161, 16, 164, 6. 6, 164, 6.
11. 12, 266, 6611, 266,
= 11, 280, 8. 16. 19. 26. 27,
282, 6, 8. 22, 284, 4. 10 τρι-
γώνῳ 1116, 14, 1, 66,16,
161, 16, 166, 1, 661, 16,
161, 16 τρίγωνα 4616, 46,
61116, 66,1,66,6.6.6,
90, 13, 104, 16, 134, 23,
142, 6. 6, 144, 6, 646, 6. 6,
1661, 164, 6. 11, 166, 6. 6,
16616. 1616, 266, 2, 260,1
τριγώνων 10,16, 36, 1614,
72,11. 27, 76, 26, 78, 6. 14,
164,16.21. 26, 264, 2, 266,
4, 166, 6, 164, 16, 166, 14,
278, 9 τριγώνοις 76, 26.
τριπλάσιος 2,16 τριπλάσιον 46,
16, 6616, 66,16, 60, 2626,
162‚16; 164‚4.6.14, 144,2.6,
174,8τριπλασία74,26,174,16.
τριπλασίονα 74, 6 τριπλασίων
80, 10.

363

τριπλεύρων 46, 7. 19, 6416.

τριπλῆ 76, 9. 16, 164,10. ,

τρίτον 6210, 68, 20, 70,16,
661. 1416, 666. 16, 66,
1116, 161, 16, 104,1, 166,
wuwwstmfflm
1616, 661, 16, 16666,
138, 3, 172, 20. 22. 24. 28,
174,1.7.18 τρίτου 64,7
τρίτα 18, 26. 26.

τριτημόρια 4, 2.

τροπικῶν 304, 1. 6.

τροποίς 302, 28, 604,16.

τρόπος 264,16 τρόπον 260,12.

τροχίλον 202, 8.

τροχός 296, 20, 614, 6 τροχοῦ
164, 6, 166, 6, 13. 16, 266,
14 τροχῷ 314,9 τροχῶν 292,
11,164,4.

τρύπημα 204,19.

τυγχάνει 4, 4, 132,1; 174, 24,
190, 4 τυγχάνῃ 92, 11 ἔτυχεν
161, 4, 11611, 1666 τύχη
264,2 τύχοι 10, 20, 66, 9.
16, 1466, 1666, 116, 6.
11, 11616, 224, 6, 260, 6,
16616, 1466, 2641, 266,
20, 1661, 16611, 226, 6,
661, 6. 11, 666, 1ο, 606, 6,
312,1 τυχόν 164, 3, 170, 24,
16611, 116, 2. 6. 4, 116, 6,
240, 16 τυχόντοος 46, 9, 238,
7. 6. 10. 12 τυχόντι 262,16
τυχόντα 12611, 232, 21 τυ-
χοῦσαν 260, 24 τετνχέτω 222,
1611616.

τυλοίριον200, 16 τυλοίρια200, 12.

τύλος 204, 14 τύλου 204, 21.

τυμπάνιον 190, 27. 30, 194, 8.
16. 19. 20, 294, 21 τυμπανίου
164, 1. 6. 16. 26, 264,14,
266, 6. 10. 16. 22, 16616,
300, 11 τυμπανίῳ 194, 4. 6.
11. 23, 296,9 τνμποίνια 300,
3. 16. 20 τνμπανίων 212, 21,
16616.

 

