H. INDEX VERBORUM. 327

g 30, 1. 2. (3) 4. 29, 32, 0,
’ 36, 25, 40, 11.12.14.17.
, 23. 111616, 42, 2. 4, 48,
.ζ 2, 52, 30, 04,.26, 06,19,
,- 106, 31, 108, 1. 3. 4. 6. 6. 7.
9. 27, 110, 17. 19. 21. 22,
114, 20. 23, 120, 10. 1112.
21, 122, 26. 28. 29. 30, 124,
1, 128,17, 136,2.13, 148,
2527, 150, 21, 152, 1516,
. 154, 7, 158,5, 16228, 166,
1 8. 12. 28. 29, 170, 1. 7, 174,
10. 11, 180, 22. 23, 24. 26.
1 27. 28, 182, 6. 6, 226, 9,
·, 230, 29, 232, 7. 19, 25614,
· 278, 6. 8. 2. 14. 16. 1617,
⁴ 280, 21, 282, 29 δοθέν 10,
. 18, 22,1, 24, 21, 28,25.
20. 30, 36, 23. 26. 27, 38,1.
6. 0. 11. 12. 13. 17. 22. 26,
40, 26, 44, 6. 12. 13. 16. 17.
16161113, 46,12, 48,
¹ 23, 52, 4. 6. 6. 8. 303'64, 1,
56,11. 12, 58, 8. 18, 60, 3,
· 62, 6. 7. 24. 25, 64, 28, 04,
. 13, 06, 18. 20, 98,11.20,
, 100,1. 15, 102,1, 106, 31,
108, 4. 310, 110, 26. 28. 29;
114,18. 22. 24. 26. 27, 118,
15, 120, 2, 122, 27, 124, 4,
128, 20, 130, 20. 21, 132,
. 23, 136, 7, 142, 6. 28, 146,
. 1, 148, 4. 15. 16. 17. 19. 23.
25. 28. 29, 150, 21, 152,16.
. 17, 164, 3. 8. 10. 12. 1617.
; 18, 158, 6, 160, 6. 7. 24. 25,
162,1. 21. 22. 23. 25. 164, 8.
, 17.18, 166, 3. 4. 11.12. 13.
. 18. 19. 24. 26. 26. 29, 168,
. 10, 13. 16. 173 170,1. 7. 0,
174,11. 12. 15. 16, 180, 19,
182, 7, 214,18, 228, 2, 232,
4, 234,24, -242,27, 248,1.11,
254, 6, 266, 15, 260, 5. 18.
· 19, 268, 21, 270,10, 272,
16. 17. 19. 25, 274,17.20,

116, 6. 16, 16616 11. 16,
284, 3, 306, 22 δοθέντος
66, 6, 11616, 1166, 160,
11, 161, 16, 16616, 166,
16. 1611, 161, 6, 16616,
1166, 1166, 11616161,
16, 16616, 166, 11, 1661.
611, 166, 6, 111, 16, 116,
11 66616, 61, 11, 6611,
11611, 11616, 16616,
310, 19 δοθέντι 1424, 146,

, 6, 162, 2. 16, 116, 16.-166,
,1, 11, 161, 11, 161, 6. 616,
1661611, 166, 11, 11616,
11616, 1661, 1161, 266,
16, 1666, 1666 666116,
11611, 1161, 16616,
260, 16; 260, 2. 22; 306, 22
δοθέντα 38, 1, 140,18, 142,
28, 162, 1, 164,8, 166, 1,
172,13, 188,17, 214, 21,
11616, 111, 11, 161, 611,
161, 11, 1666, 111, 11,
274, 16 δοθεῖσαν 30, 28, 36,
1ο, 1611, 1166, 16111,
278,1 δ<οθέντες> 182,1
δοθεῖσαι -180, 18 δοθέντων
6616116111, 111, 16,
161, 6, 234, 16, 1666, 111,
28 δοθέντας 17627, 212,
’26 δοθεισῶν 10,19, 18, 13,
20,7, 26,,2, 34, 20, 36,6,
16, 1616, 16611, 16616,
280, 16 δοθείσας 36, 12 δο-
θήσεται 6616.

διε1θόντα 296, 28.

διεξελοῦμεν 27616.

διημαρτημένον 188,11. ’

δικαιοσύνη 140, 22.

δίμοιρον 122, 7, 130, 22.

611111, 1161, 16611,
1661.

διοίκησιν 2, 8.

610166 61, 16, 162,6; 11116,

διοπτεύειν 200, 6, 214, 23 δι· μ

 

