II. INDEX VERBORUM. 331

. 266,2 ἐκμετρήσωμεν 188, 28 ἐμβαδός 4, 2122 ἐμῗαὸοῦ 106,

ἐκμετρῆσαι 802,19.
ἐκνεύσομεν 214, 8. 17.
ἐκπετάσαντες 86, 4.
ἐκπίπτειν 200, 26, 214,11 ἐκ·

πῖπτον 286, 6.
ἐκτείναντα 90,17 ἐκτενοῦμεν

272, 7 611τεῖ286061 262,13,

272,1ἐκτεταμ1νων 264, 14

ἐκτ6ταμένην 84, 24, 86, 6.
1466666666 66, 666, 166,

17, 204, 26, 268, 20 6ξ6θεντ6

292, 22 8040, νον 126,9

ἐνθέμενον 190, 22 ἐκτεθει-

μένα 188,10.

661, 1616, 16646, 44616,

464, 16, 461, 4, 461, 46,
. 6661166166.
ἕκτον 64,6 ἕκτον 64,1, 68,11,

1661641,

6161616166 70, 26, 72, 8. 16. 16,

62, 26, 41616 1166666 16,
. 24. 283 72,10. 18. 2022. 28.

28. 20. 28, 76, 2. 8. 283 78,

2 28 28. 27. 28, 86, 22,

82, 173 124,183 180, 31,

198, 12· 224, 8 61616666

44, 1464644 66666 61,

, 44, 61, 6. 11616, 4666

ἐμβαὸόν 6, 18. (14). 283 8,1.
16, 16, 6. 6, 1616, 14, 16.
41, 1614, 161641, 466.

. 16, 46416, 24, 1. 21. 26,

26, 2. 8. 28. 28. 283 28, 2.(3).
73 80, 8. 18, 62, 20. 22. 273
84, 12. 28. 273 88, 8. 8. 283
40,8. 10, 42, 8, 44, 4. 83
46, 4. 8. 10. 12. 18. 18. 17 3
48, 22. 283 80,183 82, 11.
14. 20, 64, 6. 22, 66, 17. 203
88,12. 183 60, 7. 103 82,10.
18. 283 64, 8. 61, 88, 12,
68, 6. 818. 20. 22, 70, 4,
74, 8. 7. 16. 803 80, 8. 18.
183 82, 18. 21. 22. 24, 84, 2.
18. 19. 813 88, 283 88, 83
90,1.19, 94, 29, 100, 2,
102, 4. 73 106, 17. 283 128,

ν 46, 16641, 16616, 1664,

142, 24, 11641, 11616.
11. 16. 10. 20, 164, 46, 166,
6. 6, 16614, 46616, 266,

· 1 114, 216, 6. 0. 24. 26,

· 20, ’1 11166661, 66, 21, 166, 466, 16, 14. 2022, 4666,
14 11166666 461, 4664116116
66, 16, 6616, 64, 4, 66 6 1661146116141664166166
143 180, 184 61616662616 76,6, 13, 290, 4 304040304 ντος 188,
812, 21. 18 19,1,96 24.
11616666 220, 19, 222,12 17 ἐμβαῑνον 200, 18.
ἐ1αχίστον 1'6, 28 ἐ1αχίστννς ἐμβο1έα 126, 28.
66,18, ἐμπήγνυται 20614.
616166 194,18 ἕλικι 291616 ἐμπιπτόντων 90,27
ἕλικα 194, 418, 2961926, ἐμπλακηνα119417.
6161 1116, 466, 11. 16616, 414, 16,’ 466, 6.
ἕλκειν 908, 12 61466666 610, 26. ἐμποδιζεσθαι 900, 18.
ἐ11είπει 178,7 ἐ1161πειν 140, 20 ἐμποδισμὸν 274, 19.
ἐ1λείποντα 178,6 ἐ11ιπές 6μπ6666190,11,214,6,900,22.
16616. ἔμπροσθεν 464, 14, 444, 6. 10.
111661, 4611 11661666, 664, 11, 46616.
96121816, 296,12 ἐ1- ἐμφανίσαι 190, 2.
1616161 82, 29 611616168226, . ἐνεχθήσεται 910, 28,
94, 18, 24612. ἐναγώνον 68, 18, 60, 7.

 

