Ι346

μναϊαῖον 312,1.

μοῖρα 30613 μοίρας 280,6,
mzmmwmffiffi
μοῖραι 306,16 μοιρῶν 10,
19, 278, 18. 19. 21. 22. 23.
ωωωωωωωσ
ηηωωψοωω
16. 17, 306, 9. 1012. 13.

μοιρογνωμόνιον 288,16, 3006.
8, 314, 4. 14 μοιρογνωμονίον
288,1 μοιροννωμονίων 288,
ωωωηᾱ

μοίιβοῦν 202, 26, 284, 20.

μοναδιαῑα 94, 3. 6.

μονάδος 6, 19, 18, 29, 26, 89
μονάδες 44, 29, 68, 2. 4,
ωωωωμωωω
Μμωωωωωω
178, 7. 8. 14, 184, 13 μονά-
ωοωωωωωμ
ιιωμονωςσοιω
ωωωωμηῌο
4. 6. 6. 7. 19. 20. 24. 26. 26.
27. 28. 29. 30, 16, 1. 9, 18,
ιωωωωηωοο
ωηωωπωωω
30, 14. (15). 16. 17. 26. 27.
ωωωωοωηωμ.
ωωωωωιω
10. 14. 21. 26. 29. 30. 31,
36, 3. 21. 22. 27, 40, 9, 42,
οιωοιω;ωιάι
οιωωμοωφοω
άωωωψῌάωω
οᾙωωωωωωω
24, 68,1.8. 10, 70,1.2,
74, 10. 11. 12. 17. 27. 28,
ωοωηωωῌ3
10. 12. 13. 15. 18. 19. 21. 23.
24. 26, 84, 4. 10. 17. 19. 22.
28. 29. 30. 31, 86, 2. 18. 19.
21. 26. 27, 88, 1. 3. 9. 10.
16. 17. 21. 22. 23. 24. 31,
QLQQQQQQ
96, 13. 20. 23, 98, 2. 3. 12.
ωωωωωμωο

Π. INDEX VERBORUM.

οωωωμωωω
ιωωωωοωωψ
ιωωμωωωμω
28. 29, 128, 9. 10, 11. 14.
26. 27, 130, ὅ. 6. 7. 9. 10.
11. 16. 16, 132, 16. 20. 21.
22. 29, 134, 9. 11. 12. 14.
mmmmmwmffl3
142, 5. 6. 21. 22. 25. 26. 30.
ωμωωηωωω.
20, 146, 2. ³.4.8.11.14.17.
ιωωοωιωιοιι
οοωωωωηωω
8. 19. 20. 21. 22. 26; 154, 22.
νοωιωοιοωω
ωωωωωωιωω
176, 6. 17. 18, 19. 29. 21,
Ῑωοωπωωμω
11213, 182,18 μονάδας
οωωψωωωω,
ιηωωωωωωω
ιωωηω
μόνης 140, 21 μόνοι 270, 6.

μόριον 20,1 μορίῳ 20,1.

Ν

ναστόν 92,17 ναστῶν 92,19.

νεώς 314,11 νηί 314, 8,

νέμεται 140, 9.

νεύειν 260, 6. 1628 νεύοοσα
240,18. 19 νενοοσῶν 160,

νήσων 302, 7 νήσους 100, 9.

νοεῖν 242, 26 νοείσθω 228, 4.
ωωψωωωηωι
Μωωωμωωω
ωωωῌμωωωο
411, 274,1, 276,6 νε-
νοήσθω 96, 16, 98, 4, 116,
ωμωωωιωως
ωςωμνωοωω
240, 3. 10. 12 νενοήσθωσαν
mflstffist

νομίζω 188,6 νομίζομεν 90, 6.
ωωωηωω

 

