Π. INDEX VERBORUM.

183 80,1,3 108,..288,
108, 3, 114, 30, 382, 25. 263
284, 2. 8 ἡμίίῑειων 188, 7
ἡμι8είας ῖ4, 33, 78, 3 13,
1183386142 ³166? 186 53 13,
fflffiwmmmmffi
308, 32, 17. 31, 34, 32,
36,7, 36,283 40,3.·7, 44,
2138, 483, 82,9, 8823,
74, 2. 18. 19. 39, 76, 3·
Qaemaemflw·
Qawmmst53
124, 6. 9. 18, 138, 5. 18. 28.
39· 134, 8, 182,14, 262, 22.
23. 243 284, 7 ἡμίσους 88,
28 25 ἡμίσει 282, 4 ἡμίσεων

ἡμισφαίριον 804,1 8 ἡμισφαι-
ρίου 124, 18, 304, 10.

ρεμεῑν 290, 7 ἠρεμο8σιν 200, 1.
οι 4, 29, 10,17.21, 12,23
36, 14, 68, 6, 96, 3, 112, 21,
108,11,198,18, 212, 21,
240, 24, 272, 9, 274, 16. 23.
fflmw,n.

Θ

θειώδεις 214, 7.

θέλομεν 212,11.

offlmssmmnm
mmmmwmm
mammmmw
mmnmnfflw
88188888,
8888888
mmamfflmm
370, 9, 276,15.17 &4⁶51
98,10·, 223, 21, 224, 38,
226, 18, 232, 8. 13. 18, 344,
14, 373, 8· 394, 7 666879
180, 26.

θεωρεῖται 140, 7 τεθεωρήσθω
338, 18, 238, 8, 280, 7

Heroniu ορ, vol. 111. ed. Schoene.

W

54503317114 2,10.

θεωρ αν 190, 8.
ος 200, 23.

θ λονς 128, 8.

Ι

ἰδίᾳ 194,18 ἰδίῳ 202, 26.

ἰδι8ματος 190,13

ἵνα 8, 4, 68, 18, 144,14·,244,
17, 284, 28, 398, 28, 302 ,2,
308, 7 15.

ἰσημερίας 302, 28, 304,12,

ἰσημερινός 304, 7.

ἰσογώνιον 80,16, 8218, 86,
136 88,13, 80,8, 8211
84,1; 98, 28, 102 12 ’ἰίσο
γώνιοι 66 2 ἰσογωνίων 46, 20,

ἰσομήκης 280, 24.

laeuam 174, 24.

ἰσόπλευρον 4, 28, 46, 23, 80,
16, 82, 18. 283 54, 7,14. 21,
8818 8813 80,8· 8211
84,1, 98, 28, 102, 7. 12,
172, 17, 280, 18 ίσίίπλεοροι
66,1-2 ἰσοπλεύρου 132, 28,
138, 18, 172, 27 luou466pq)
280, 17 ἰσοπλεύρων 48 ,20,

ίσορρονιήσει 810, 26.

8ω7ΜΜωω,η
w„nwwu1wm
88888883
8. 12, 40, 19. 21, 42, 33
ωφαωσῃωκω
8888888
QnQnffinw
menffiwm
wmmwwwnmffi
QQHMQQQ
mmmmfflmffl
34888888
mwmwmffim
lmfflmmffimffi
mnmmmssm
mwmstmzm
10, 4. 22, 12, 4, 22, 18. 18,

22

 

