11. INDEX VERBORUM.

mwmmoemffinm
ῃαμμαααωα
Μιαωηωαω,
οψαοωαααηαᾼα
Μωωαωωα
7 δεήσει 28, 1. (2), 46,10,
αψαααωαηα
mmfflmsswffifflz
1mmmnmffifflz
nmwmean
ffiwmnuwwwst
- mww5ffl4mm
mfflffima .
δείκνυσιν 66, 7. 13. 27, 122,1.
ταψαααααῷ
ωααιΜιαω;
ιαῶαιααιαψ
214,11, 268,10, 274,14,
276, 6. 26, 290, 16, 296, 26
ἔδειξε 80,17 δεῖξαι 36,13,
46, 6, 50,6, 106, 61 δεικνυ-
ται 62, 27, 1,229 δειχθήσε-
ται 36, 1 ἐδείχθη 12, 9,
28, 29, 74,16, 102,10, 106,
2 δέδεικται 12,21, 68, 19,
αμηααωιηα
mfflssmnmfflstQ
ffistQm.
δεῖξιν 242, 26,
ffmwfflfflmwwk
δεκάγωνον 62, 6, 60 ,8, 62, 7. 10.
δέκατον 224, 21 23.
δέλτῳ 216,10.
δεξιο1204,8.
δέξασθαι 138,12,196,11,
δεξαμὲνῆς 18816 δεξαμενή<ν>
166
,δεύτερον 268, 13.
αααμᾙααηα,
QwssQQae4Qss;
αιηαιωαωα,
ααμσααηῌι.
αμηααα;αα;
αααοηιααω
α;ωιιωναα

325

104, 3. 4. 11. 26, 106, 6,
108, 4. 7, 110, 4. 11. 26. 29,
112, 26, 114, 21. 27, 116,
12. 28, 118, 9. 16, 120, 16,
122,14, 126, 18. 23, 128,
21, 132, 7, 136, 21, 168, 6.
13, 146, 1. 6. 8, 148, 6. 28.
31, 160,19. 2226, 162,16,
164, 21, 166, 22, 168, 2,
160, 7, 162,16, 164, 9. 14,
168, 1. 8, 170, 27, 174, 14.
17, 160, 6. 20, 184, 13,
216, 9, 220, 9, 222,11, 224,
18, 22, 226, 2. 4. 17, 230,
20, 232, 20, 234, 3. 26. 26,
240, 3. 5. 13, 18, 242,10,13.
16, 262, 3. 9, 266, 4. 7. 21.
23, 274, 26, 276,14. 15. 17.

*wammffimmstQ

ααωωαωαῌα
mmwmmm4

ommwmssfflmmlm

153 614,11 δήλη 288,17.
δηέῧτέότῖι5294, 16. 21, 296, 1,

αωωωαωααωα '

296,13, 314,16 δηλωθήσον·
ται 296, 19.

δήποτε 102, 6.

mwmmfflwmmffi
αψηηαψωια
,ααωααῆηω

διάγειν 260, 21 διαγαγεῖν 146,
kmffln55m53
αᾙηαιωαωη
170, 6, 280, 9 διαγαγόντα
εαωψωηᾙαψ,
zmmmmman
18 διήχθωσαν 166, 20, 248,
13 διῆκται 160, 27.

διαγώνιον 46,10 διαγωνίοα
46, 14 διαγωνίους 262,17.

δια66 χήν 92, 9.

διαιρεῖν 140, 19, 168, 12 διαι-
ροῦσα 142, 9, 144, 3, 162,

10, 166, 20 διαιροῦσαν 144 ”“““’

 

