II. INDEX VERBORUM. 343

ς 98, 8, 172,5, 288,9 εἰρη-
ώωηωνμωο
Μμωμψωωω
εἰρημέναι 4, 24, 172,0 εἰρη·
μένον 4, 11. (12), 78, 27,
mummwmmffl
266,4 εἰρημένας 204, 11
εἰρημένοις 26, 7, 42, 8, 178,

Μμμααψηωη
,Μομωωηωα
λψαῌμαηωο

uwwwanm
ιωημανημαο
6. 7. 11. 12, 166, 18. 21,
ιαηηαωμωη
218,18, 252,3 λόγονς174,27.

17, 200,1. 5, 2126, 230, moyffiw 140, 10,
ffififfifflmssffwmmmmmmmm

μέναις 196,19 εἰρημένους
αηαμῆωοαι
ὅητήν 18, 22, 48, 27 ᾇητης
οωοη

λεπτότατον 90,15.
mmmm.

λεπίὃια 200, 1.14 λεπιδίονς
m&

mssmss

λιμένι 24414 λιμένα 242, 27,
244, 5 λιμένων 100, 3.
λόγος 2, 4, 8, 20, 40, 22, 52,
ιηαωααηψ
αμοοςςωιο;ω
66466636
wuwnwfflnm
umssmmme
nflmmmnwm.
.μμωωαμαια
οωηωαωοη
wmffimmffimffl
Ιηαμωαμωα
αμηηωααμη
278, 6. 11. 12 λόγου 98,16,
fflstssmfflwwffl
216,13 λόγον 48,3.6.13.
ονομαηωμ,
αηωψαμια
μωαμαοωα
15, 72,3, 116,28, 118,1.
αωωωαᾙωα
&wwfflfflffiflfflffl

30, 2. 27, 34, 1. 30, 108, 8,
142, 22, 152, 20, 158, 9,
180, 24. 28, 216, 26, 218, 1.
2, 23219, 278,15. 16. 22,
280,4 λοιποῦ 122, 20, 144, 2.
172,3 λοιπόν 12, 28, 14,3,
26, 10, 44,16, 82, 23, 104,
26, 110, 28, 112, 13. 16,
118,12, 120, 26, 152,13,
166, 26, 188, 5. 14, 240, 22,
284, 7. 8, 294, 24 λοιπά 10,
11, 14, 12. 14, 16, 5. 7,
30, 9, 32, 18, 34, 19, 36, 5,
40, 3, 42, 23, 44, 27, 46, 1,
108, 16. 17, 116, 5, 128, 23,
150, 2, 154, 29, 182,13.17,
262, 19, 268, 3, 272, 13
λοιπαί 18,17.18, 24, 25. 26,
32,16, 40, 6, 156,13, 184, 3
λοιπῶν 116,6, 248,16, 250,
10, 262, 25, 268,16, 274,14,
276, 24, 298, 22 λοιποὺς
268,19.

λοντηρος 124,17, 126,6 λον-

τῆρα 124,14,

Μ

μακροί 196,3 μακρούς 308, 24

μακροτέραν 214,10.

ωωψψααωψι

μωωμηψα.

,ummfflu44m‚fflmmfflfflfflffifl3

mwmffimmstffin
lwstwssmssww
wsswffiffistww

ααωωωηωη
ηηωᾙηωηω
Μαμωωαῃη

 

