II. INDEX VERBORUM.

νῦν 2,11, 20, 3, 178, 4, 188,
11, 200,19, 204, 24, 276, 2

νύξ 302, 26 νυκτὸς 302, 24 25
νυκτί 302, 25. 27, 804,11.

2*

ξυλίνας 290, 4.
ξύλοις 132, 5.
&om 126,1.

0

ὄγκος 138, 15 ὄγκον 286, 8. 16

ἥδε 20,6 τοῦδε 310,16 τῷδε

66066061 292, 17, 302, 5.

ὠδοντωμένῳ 310, 810 6606-
τωμένον 190, 3,1 194, 8,
294, 15· 308, 5. 28, 810, 15
17 ὠδοντωμ6νοι300,2 ὀ3ον-
τωδέν 310, 9. 18.

ὀδοντῶδες 308, 23.

ὀδοντώσεσι 310, 1.

ὀδοντωτοῦ 296,14 ὀδοντωτῖο
194, 3, 298, 21 ὀδοντωτόν
QOfflwmm
308,1 ὀδοντωτῶν 298, 22,
mmmm

ὁδός 298,5 0006 214, 3, 296,
ustQ4stffiffiwaw3
306,16 06ον 214,10, 296,
26, 298, 3. 19. 25, 302 6. 11.

ὀδοὺς 296, 16, 298, 16 ὀδόν-
τα 298, 7. 10, 314,11
ὀδόντες 298, 16 ὀδόντων 296,
wassmuu}
Μῃπωωμο
&mmmmwm
ὀδόντας 194, 15, 294,15,
296, 1. 12. 17, 298,11. 12.

wmfflfflw

οἱαιδηποτοῦν 150, 26, 176, 4.

οἱανδήποτε 112, 8.

ἴσμεν 230,6 εἰδῶμεν 10, 17
mmmmm&

347

οἰκοδομήματος 190, 4 οἰκοδο-

μηματων 274, 19
Wmmemffi

οἷον 18, 14, 74, 8, 94,11,
138, 7, 174,24, 176,1,
mmwm6mm
mwmfflmmss
οἴαν 100,5, 102,5 οἵα 102,
17 οἴων 304, 22, 306, 12.

οἱονδηποτοῦν 94, 8 οἱοοδηπο-
νοῦν 18, 3· 68, 7, 234, 7
οἶωνδηπ6το6ν 23415.

οἱονεί 224, 21

ὀκτάγωνον 56, 18, 58, 7 9
ὀκταγώνον 5312.

6115716ορ ον 132, 28. 29, 134, 6.
15 ὀκταέδρου 1328 134,15.

ὀκταπλάσιον 58, 22

ὀκτὼ 294, 9, 296, 9, 310, 19.

ὀλίγον 212, 20, 310 28 6667716
140, 10 611γ6ν190,2 ὀλίγοις
188, 16, 288, 21

ωωπωΜωΜνωη
122, 29, 152, 22, 158, 9,
216, 23. 27· 218, 6. 3, 278,
20, 306, 14 66ον 23, 28,
mffnmffmmm;
168,17, 172, 26, 262, 25,
274, 4, 276, 3, 278, 10. 25
6606 38, 25, 44, 22· 46, 5,
120,11,134,6,6’156’,7 172,
20. 22 24,174,1,264,18,
274, 6. 9.1,2 276, 25 669)
28, 28 ὅλην 112,15, 230,9,
246, 12

ὄμβρων 284,14.

ὁμοία 104, 5, 244,3, 246, 3.
10, 250, 643 304, 25. 28,
306, 4 ὅμοιον 24, 6, 104, 6.
7,11,2 21, 2502 ὁμοίαν
m‚n.w'mmm‚m;
144,,8 256,8 ὁμοίων 126,8
δμο1ιος 4, 22, 6, 16, 8, 11,
memm66
mmoemflmmmffi

26, 78,10, 86,5, 88,16, ·

 

