Π.
INDEX 7118808017.

Praepositiones coniunctionesque praetermisi. Numeri sunt
paginarum versiculorumque.

280, 44 ἀγαγόντες 448, 48,

A 202, 20, 204, 4. 8, 444, 44

ἀβατον 190, 13 ἀβάτων 302, 8.

, , ἀγνοιαν 288, 24.

ἀγω 220, 3 ἀγειν 212, 11.
22 ἀγοντες218, 17 ἀγωμεν
144, 16 ἤγαγον 222, 4. 26,

288, 6..810, 260, 24, 262,4
ἀχθῶσιν 6,17 ἀχθείσης
148, 21· 166, 27, 232,14

ἀχθεισῶν 34, 4, 260, 27·
264, 810, 269 7 ἤχθω
8,18. 19, 14, 22, 22, 16, 26,
8’, 48, 8,’ 84, 88, 48.’44,’ 84,

ἀγαγόντας 20, 8 ἀγομένη
48, 11. 48, 84, 44, 88, 48,
100,10, 102,8, 1101· 232,1
ἀγόμενον 308, 9 ἀγομένης
96, 26, 166, 7, 284, 21 ἀγο-
μένην ’,88 13, '8843 102,10,
134, 29, 186, 27, ·226, 11. 20,
230,13. 17, 284,5.8.12,
236, 8. 10. 22 ἀγομένας
10, 16, 23416 ηκται 10, 1,
24,10 ἠγμένη 216,18 ἀγγ-
μένω 228, 18.

44, 84, 48, 4848, 44, 48,
4848, 88, 44, 44, 44, 48, 44,
104,14, 110‚11, 488, 4,
488, 8, 448, 48, 444, 48,
444, 844, 48848, 444, 48,
280, 6, 236, 16, 240, 11,
484, 1. 4, 4888, 488, 44,
448, 44, 444, 44, 484, 8,
290, 23 ἤχθωσαν 8, 20,
98, 22, 112, 24, 128, 2. 3,
148, 7, 292, 2, 264, 22
ἀχθήσεται 214, 2 ἀγάγω ἀκλινῆ 266,10 ἀκλινοῦς 260,
280, 6 ἀγάγωμεν 144,13 16, 266, 17.

ἀγαγεῖν 162, 26, 162, 27, ἀκολουθεῖ 290, 12 ἀκολου-
226, 7, 278,1 ἀγαγόντά. 6868848272, 14 ἀκολουθήσει

ἀγωγην 214, 9 ἀγωγάς 190,3

ἀθελφα 4 4.

ἀδιαφόρῳ 126,1.

ἀδύνατον 46,14, 212,17.

ἀεί 94,16, 96,7,190,19,
444, 1'4, 488, 48, ’484, 48.

ἀθεώρητον 214,19.

αἰτίαν 6,1.

ἀκίνητοι194, 18 (6888888228, 7.
48, 242, 8. 48, 48848 88-
8νννν 448, 4, 484, 8, 288,11.

 

