660

εὐίογον 138, 7, 288, 22.

εὑίύτως 190, 29· 200, 25, 308,
4, 310, 24, 312, 5

εὐμετάφορον 166, 10.

εὐπρεπείας 194, 3.

εὐπρεπεστέραν 196,18

εὑρίσκειν 300,1 εὕρωμεν 273, 8
εὑρεῑν6, 9. 2,3 8,17, 12, 15·
14,,2018,,1420,,79·,22,2,
26, 2. ’4. 43, 433. 4, ’33, 44,
34, 43, 34, 44, 44,4, 4343,
33, 1343, 34, 43, 34, 44,
33, 43, 3313, 33, 43, 3443,
34, 3, 66, 21. 43, 33, 43,
33, 44, 33, 4, 133, 44, 143,
43, 44413, 443, 11. 13,
443, 44, 43314. 283 434, 6
16. 14, 434, 4. 3, 434, ’43,
43313. 4341, 4333 4ὑῖ
ρόντα 112, 2 εὑρήσομεν 20 4,
62, 14, 142, 26 εὑρίσκεται
302,6.19 εὑρεθήσεται 293 6
εὑρεθείη 268,1. 3 εὑρεθῆναι
220, 17 εὑρήσθιο 34, 26,
36, 6, 226, 11, 232, 17,
240 9 248, 3 5 260 6

. 30619 εὑ ρεθέντύς 218, 6
εὑρεθέντα 20, 3 εὑρεθείσης
158,12 ευρηται 2266, 296,
22 εὑρημένη 21613, 220,13,
433, 3, 433, 43, 334, 26'
εὑρημένης 240, 23 εὑρεθή-
σεται 28, 31· 112,11.

εὐχέρειαν 188, 8.

εὐχρηστίας 172,16.

εὐχρηστος 190,4, 266,18 εὑ-
χρηστον 4,6; 132,1, 140,,7
286, 21, 302, 5.

εὐχερεστέρα 118, 23.

ἐφαπτομένας 130, 28..

έφαρμογή 140, 21'.

ἐφαρμὺζω 264,19. 24 έφαρμύ-
ζει 4,16 19 ἐφαρμόσασα
204, 22 έφαρμόσαντες 246,

⁴·- έφέδρα 98, 20 έφέθρας 98, 3

ΙῘ. INDEX VERBORUM.

43, 144, 12· ,ἐφιερᾳ 144 ,43,
116, 43 ’3333333 414, 16’.

ἐπισταθῇ 96, 3 έφεστ<οίτ>ωσαν
236, 4 έφεστατω 194, 26

έφοδικῷ 80,17, 84,12, 130, 7.
{ogga} 76,8. 16 ἐφ’ὑθφ 74, 24,

· ἕως 43, 4, 413, 4, 434, 43,

444, 43, 444, 14, 433, 4.

Ζ

ζητουμένῳ 112, 6 ζητουμένη
230, 26 ζητούμένης 218,19.

ζενχνύούσης 218,10. 15.
ξνγοῦ 310, 26

Π

ἡγοῦμαι 188, 9 ἡγούμεθα 288,
22 ηηησαμεθα 4 6 (6)

ἡγεμόσι 140,12.

ἤοη 143 4

ἡλιακοῦ 283,13.

ηίιίκη 214, 26. 29, 220, 14,
228, 24. 25. 26, 230, 6. 8. 11
29, 238, 1, 240, 6, 260, 7,
302, 6 «sum 214, 20 ἡλίκηιύ
214, 24

ἡλίκα 242, 23.

ηιιο, 602', 44, 334, 44 14
34331333.

ἡμῖν 313, 14' η’μες 100, 11.

ἡμέρα 286, 16, 298,1 ἡμέραν
298, 2 ἡμέρας 296, 3, 302,
28,304,13.

ἡμερήσιος 302, 23, 304, 19
ἡμερηρίον 304, 21 ἡμερησίων

ἡμικνιιίίον 72, 28, 74, 6. 8. 9.
12.1..62830; 76,6, 82,.1
17 ἡμικύκλιον 216, 24. 27,
226 ,6ἡμικοαλίοιν 202, 3.

ἡμιθακτνί<ί>οο 200, 7.

ἡμιόλιος, 122, 3 ἡμιόλιον 13219.
μισεια 4414, 44, 44, 10. 14.

 

