342

κωνοιιόλονρος 180,16. 17. 20
ιιωνο[ν]κολούρον 184, 6.
κῶνος 96,16, 21, 1181627,
188, 18. 18. 11, 181, 1, 118,
88, 188, 8. 21. 88, 181, 8,
818, 4. 24 40404 1181818,
118, 0. 11. 1181, 120, 3.
22. 81, 122, 18. 88, 118,11.
88, 1881188, 182,18
40000 818, 8818, 8118,
88, 8, 8. 18. 11, ’88, 12. 14
88, 11818, 11888, 120,2.
8. 12. 88, 181, 8, 118, 88,
18818, 18818 κώνῳ 80'
17 ιιῶνοι 98, 7, 180, 31
κώνων 176, 2, 180, 30.

Δ

λαμβάνω 220, 1 λαμβάνει 4,
8881), 181,11,888,11’
λαμβάνειν 280, 25 λαμβάνων

242, 18, 258, 8. 7 λαμ ανον·
τες 7,4 2, 242, 22, 244, 14
λαμβάνοντι4, 2'8 λαμβάνεται
94, 28 ληψόμεθα 18, 23,
96, 24, 272, 23 λήψει 118,
26 ἔλαβον 220, 5, 224, 18.
20, 226,1, 256, 26, 258,1.
10, 260, 22. 27, 266, 11
λάβ 298,8 λάβωμεν 52,13
λαβ110,9, 18,16.21, 48,
2627, 54, 5, 128, 28, 156,
11, 160,12, 178, 5, 182, 9,
184,2 λαβέτω 312,8 λαβεῖν
8, 9, 46, 10, 50, 26, 66, 22,
74, 16,,84, 1, 90, 9, 122, 5.
7. 12, 124, 6, 136,13, 174,
13, 176,19, 178, 3, 218, 21,
220, 18, 224, 16. 27, 23419
λαβών 74,19, 254,13. 16. 21
λαβόντα 8,13, 26,28, 90,
15, 94, 29, 100, 2, 102,16,
104,1, 132, 27, 136,17. 20
λαβόντες 42,16, 66, 26, 68,
1. 3. 7. 10, 138, 2. 4, 240,

Π. INDEX VERBORUM.

18, 881, 8, 81818, 818, 18
λαβόντας 46,9 εἰληφέτω
298,9 εἰληφέναι 294, 10
λαμβανομένων 244,17 λα-
βόμενοι 272,6 εἰλήφθω 48,
81, 8818, 88, 8ο, 81, 88,
88, 88, 8818, 81, 8, 188,
11. 88, 18818, 181, 88,
118, 81, 111, 11, 181, 81,
214, 28, 216, 2, 222,16,
232, 20, 264,’ 10, 264, 20,
270, 8 εἰλήφ8ωσάν 240, 29
εἰ1ηφ8 140,17 ληφθεισης
818, 81 ι,,’8811181888,11
18, 888, 8, 88181, 88118.

λανθάνωσιν 288, 24.
0470 1,11, 1818, 18, 88,

118, 4. 8, 112, 18, 120,1;
182, 1, 11818, 181, 81,
292, 13 ἐροῦμεν 178, 4,
200, 20 ειπειι 40, 8. 1818,
8ο,8, 118, 18, 888, 81 ιε-
λε ότων 188,5 11118, 6,11
74188681292, 26 ε1ρηται 6, 2,
18, 18, 81, 88, 118, 81,
188, 18, 181, 18, 181, 81,
200,18; 888, 18, 18, 818, 8,
308,4 εἴρηνται 174, 23 εἰ·
ρήτοω 46,19 εἰρημένος 94,
8, 18818, 181, 11, 8888
εἰρημένη 18,11, 188, 1,
204, 22 εἰρημένον 68, 23,
881, 81, 81, 11818, 188,
22, 24, 128, 12, 132, 29,
181, 1, 881, 18, 888, 11
εἰρημένης 306,16 εἰρημένην
74, 17, 94, 18. 30, 100, 3,
18818, 188, 1, 88881,
260, 4 εἰρημένον 204, 20·
298, 17, 308, 2, 314, 16
ειρὴμένηέ1ἠ8 81, 11, 88, 8,
188,81,881,1881’ ειξιημένφ
74, 22, 194, 3, 196, 2, 260,
14, 294,10.’14,”,298 21
εἰρἠμένη 74, 8, 204, 20,
302, 27, 004', 11 εἰρημένοι

 

