H INDEX VERBORUM.

5. 20 τετραγωνω 18 8 τετρύ-
γωνοι 300 5 τετράγωνα 2,
17, 8,,5 66,,7 88,7,160,
5, 1726 τετραγώνων 12,1.
8. 11, 26, 22 (23) τετραγώ-
wmfflstffllzffi3fflfl.

τετραγωνιιιή 280, 2.

τετράκις 68, 24. 25 τετράκι 70,
3,160,4.

τετραπλασύονα 86, 30, 88, 2,
178, 25, 180, 16.

τετραπλάσιος 88,4 τετραπλά-
σιον 46, 26. 28, 70,13. 28,
ηιηηαανμο
26. 29, 78, 7. 19. 29, 80, 26,
180,10 τετραπλάσια 2, 19
(20), 26, 24, 48,17, 70, 7,
mam

τετράπλευρον 22, 22, 38, 26,
44, 23, 150, 16, 152, 9. 27,
154, 9, 156, 20. 21, 160, 22,
162, 8. 15. 19, 164, 5. 8. 11.
17, 166, 3. 11 τετραπλεύρου
40, 9, 46, 9. 1516,150,14,
152, 25, 162, 6, 164, 16
τετραπλεύρῳ 16213, 252,
16 τετρύπλεορα36, 16 τετρα-
πλεύρων 46,7. 19

τετραπλῆ 72, 5, 22015, 236,
23. 24 τετραπλῆν 176, 9.

τέτρασιν 22, 27.

τεχνῶν 142, 2.

τηλικοῦτος 196, 11 τηλικοῦτο

τηρεῖν 286, 16 τηρῆσαι 286,12
τηρήσαντας 302, 21 ἐτηρήθη
304,16 τετηρήσθω 302, 17.

τήρησις 304, 24,

τίθημι 254,16, 266,17 θή-
σομεν 24017, 252,18, 272,
5 9, 306,18 θεῖναι 170, 11'
θέντες 24019, 272, 12, 306,

τις 6, 7, 66, 21, 86, 6, 94,12,
96, 2, 102,17, 126,10, 140,
18, 160, 27, 200,14, 202,

361

αμααψααηα
ομωοωονωα
ωΛΛαμηαψ
ιψῂααωψύα
ψαωύωοαῌ,
Μωαῌμωμαα
τοιωαωαᾱω
222, 8, 224, 21, 226, 2,
ταααψωμψα
mmmmwmffiwm
308, 20 τινός 68, 6, 90,14,
5ομ56ηημ,
οαμψωηααω
ἀῃοωηαμμα
wnwfflwffiwssw
wstQmwmfflmss
nwzmsmaewffi
ιαμμαωμωω
ωαωαωοωαο
ωεύῃεαεαω
εωνωαμαωῌ,
Μμαααωμύ
Μοψωωμωω,
302,8, 312, 23 τινάς 170,
nstQm

mmwmfflwaemz
2ffimffiwwffiw4
&fflssffifflffwfflk
ffiwmmmmmma
21. 24, 124, 3 6, 126, 19.
w31wwssm½.'w;
172, 20 26, 180,10, 242,
28· 248,11 τμήματος 70, 6
74,3.22, 76,.781214,
wmm'Qffiffiwffl
οαοαύηοῌα
ΜΛ465;ΜΑ5
172, 2. 3, 250,9 τμήματι
ιαμψααμωα
τμήματα 170, 27 , 184, 12. 25
τμημάτων 76, 6, 126, 8, 170,

τοι 76,9.

τοίνυν 190, 24.

τοιαύτη 14,8, 144, 23, 146,
20, 190,15, 296, 25 τοιοῦτο

 

