308 II. INDEX VERBORUM.

220, 1. 7, 222, 3. 8. 24, 26
226,16. 17, 228, 2. 16, 234,
22, 222, 1. 42, 242242,
242, 2, 242, 2422, 248,
42, 2224222, 22222,
224, 24222, 222422.
22. 22, 222, 2. 44, 22222,
272, 7. 11, 13, 18. 20, 304,
22, 20224224 σημείου
42242, 4224242, 42222,
424, 2, 244, 42, 224, 42,
22242, 222, 2, 224, 2. 44
422022, 22224, 240, 2,
242, 2, 242, 42, 222, 16.'20;
220, 2, 222, 4222, 224, 42
σημείῳ 242, 22, 222, ’,44
222, 2. 42, 224, 22, 222, 42,
224, 22, 2222, 2224, 202,
19 σημεῖα 90, 9, 110, 9,
422, 44, 4222, 4022, 242,
44, 22, 244, 42, 242, 11. 16.
42. 22, 222, 24, 222, 40,
232, 6, 11, 21, 242,18, 244,
7 9 246 8 260, 6 8 ,262,
4· 264, 8, 20, 272, 23 ση-
μείοις 104,13, 134,1, 230,
10, 23210, 234,18 σημείων
214, 20, 218, 19. 20, 222,
40, 222, 24, 2224222,
222, 2. 42, 224, 44, 2424,
220, 44. 4222, 224, 40,
2222, 224, 24, 220, 2,
288,18. ·
σημειωσοίμενος 204, 18 σεση-
μειωμένων 212, 6
σινδόνα 90,10.17,
Ισκαληνός 96,16 σκαληνόν 98,1
σκαίηνοῦ 98, 13 σκαληνῷ 98,
σκληρότερον 214, 6,
σκοίιωτέραν 268, 20
σκοτάίιον 294, 7 σκντοίίια 294,
1, 298,14 σκυταίίων 2946
σκνταίωτόν 294, 9 σκοταίωτοῦ
298, 12 σκοταλωτῷ 294, 11,
222, 0.

σττάρτος 2027 ,204, 22 6209-
τον 274, 23 στάρτον 20219,
204,1.17 σπάρτῳ 272, 9'
στοίρτοι 204,7, 29127, 292,
11 σπάρτων 29210, 292,
1012 στοίρται 288, 26 σπάρ-
τας 290, 9.

σπεῖρα 128, 6, 130,8 σπεῖραν
126,9 σπείρας 126, 26, 128,
4. 19. 21, 130,3 στεῖραι 126,

σπειρικήν 126, 18 σττειριτῆς

σταδίῳ 212, 28 στάδια 296, 21,
298, 26 σταδίων 30214,
314, 0 σταδίους 3021410.

στεγάζεοθατ 132, 0.

στεγνώματι 196, 24.

στενά 200, 23.

στερεόν 4, 1. 27, 92, 14. 22,
94,4. 0. 7. 20. 28. 31, 96,
18. 23. 24, 98, 11. 13. 10.
28, 100, 4. 0. 11. 12. 1310,
10211. 16, 104,1, 106, 7.
17. 20. 23. 28, 108, 21. 23.
24, 110, 20. 26. 29, 112, 14.
16. 18. 26, 11210. 27, 116,
11, 118, 0. 13. 10. 23, 120,
22628, 122, 8. 13, 124,
13. 17, 128, 21. 26, 130, 3,
11. 21, 13212. 24. 27, 134,
471316, 136, 20, 138,
4. 0. 1320, 17228, 182,
9. 19 στερεοῦ 94, 11. 24,
96, 4. 27, 102, 10, 114, 26,
116, 1, 130, 18, 134, 13,
176, 9. 11 στερεῷ 98, 29,
112, 7, 114, 6. 8. 10. 12. 16.
18 στερεοί 2,7, 4, 26, 92,4,
94, 6, 98, 26, 174, 23 24
στερεῶν 138, 6,

στημοίτια 194, 0. 20· 196, 2
στημοιτίων 312, 23.

στί 04, 212, 7.

στοχματα 238, 0 στομάτων
238, 3.

 

