H. INDEX VERBORUM. 323

112, 93 120, 123 122, 16, γέφυραν 24126
. 128, 812 24· 180,9, 16 γεωγραφονμένων 190,8
βάσει 94, 9. 20, 22. 24. 26, γεωμετρία 2, 36 γεωμετρίας

96,...1689,98,,16104,,6

140, 21

142, 29. 176, 7. 22,178,19, γεωμετρική20,6γεωμετρικάς16.

180, 3. 9, 246, 8. 26 βάσιν
126, 8,2,2 24,,10 74,,1
7618, 861419, 84,16,

11. (12) γεωμετρικῶς 160 ,17,

fflmwsw24m'm

666666

6ΜΜ66Μ66.266666
666616666ςμψωαὴ66666

66666666
666ω6666,
666μ6466
Qaemfflffwwae3
16666666,

,66666666
166666Μ

6666.

βιαιότερον 28416.

flfflww30wss.

Qm1‚

βλάπτοντες 214, 7 βλάπτεσθαι

βο6λο6αι224, 17, 266, 20, 268,
4 βούλεταιὸ, 6 βουλόμεθα
16666666
260, 89 βούλωμαι 266, 23.
28 βούληται 66, 21 βουλώ-
6666666Μ6

. 204, 2, 214, 26, 242, 20. 23,
246, 11. 20, 288, 3· 296, 3·

. 298, 26 βούλοιτο 14618
βουλόμενον 310, 6 βονλ6με-
νοι 290, 3 βονλομ ναις 92
12,188,12.

βραὸ4ως 29219 βραδυτέρας
288,11.

βραχύ 194,17.

γαστέρα 286, 26.-
,66666
γένεσιν 126, 10.
γενναῖαι 284, 17.
γενναίως2, 12.
γένος 2, 7.

12...131616,16,...2346.
6...;78918‚’.'..16202627.

729,. 24,2426, 30,...679

66οΜΜε;’66
waew'smmm.
46466646’66.

, 21. 22. 243 44, 24. 26. 26. 27.

28. 29, 46, 2. 3, 48, 26, 26,
62, 9. 10..113 64, 3. 4. 6. 6.
16. 16, 68,10. 113 60,“6. 6,
62, 8. 9. 26. 27, 64, 2930,
66, 8. 11, 68, 9. 19. 20. 22,

’ 70, 2. 3. 4, 74, 18. 20. 29,

76, 2. 4. 6,, 88, 7, 86, 2,
102, 3. 13. 16, 108,12. 13.

. 14. 19, 116, 3. 4. 6. 6. 7. 8.

ομ666666
666666μ6
66666Μ66

ς 24, 144, 24. 26. 26. 27. 28,

66,6.6;6Μ.66
6Ν6666Μο.6
46Μ6666Μ.6
3.9.6,6,86;66
nwfflmmmmw
1.εωω666.6

’ 14. 16. 21, 184, 4.,66 190,

26, 194, 6. 9, 190, 16· 200,
6.7.1.2 23. 24, 204, 16. 18,
21, 240, 22· 246, 4 10. 243
66666’Λ66
2964, 3069 γίγνονται 412,

. 66666666,

66666666
666666η6

66666661.-

21*

 

