11161661666606616. 321

604, 2 9 ἁσπιδισκης 204, 8
ἀστιὸίσκη ν 202 20.

ἀσπίδων 20219.

ἀστερίσκον 292, 8 ἀστερίσκῳ
666, 61.

ἀστήρ 288, 15 ἀστέρες 288, 10
ἀστέρας 288, 19 ἀστέρων 190,
6, 666, 66, 666, 6. 16.

ἄτακτος 90, 8, 27222 ἄτακτον
16213. 20 ἀτάκτου 90,18,
260, 20 ἄτακτα 138, 7 6666-
τους 90, 6, 92, 7.

ἀτόπων 214, 16

αὖ 4, 26.

αὐξομένων 296, 66.

αὔταρκες 286, 7 αὐτάρκως 90,
5. 22, 174, 26.

αὐτοματίσαι 21217.

αὐτομάτως 202, 28.

666, 6, 66, 66, 1, 661661,
86, 28, 88, 26, 122, 16, 130,
26, 298, 9 61616 46,11, 48,
26· 50, 19, 54, 23, 56, 21,
66,' 163 60,' 113 66,' 143 66,
16. 11, 66, 1, 66, 163 66, 6.
6. 663 106,16; 114, 6. 11.
14.17; 1128, 166,163 180,
6ο, 166,163 116, τ, 1161,
16616, 16611, 16661,
166,16; 16666. 66, 161, 16,
661, 61, 666, 6. 43 666, 16,
661, 66, 666, 16, 666,163
660, 163 666, 63 664, 66. 663
666, 16. 163 666, 66, 666, 6.
16, 30611, 31221 αὐτή
6, 6, 11, 1, 666, 166, 613
111, 11, 1661, 661, 16,
606, 16. 66 «0606 6,10; 16,
163 14, 603 66, 63 6616,
8226, 64,27, 36, 23, 38,
16, 11, 1. 1661, 46,11.16;
6616, 66, 11. 1666, 64, 663
66, 603 6616, 6616, 64,
8, 74,1, 8217, 90,16,
66, 16, 61, 16. 66. 663 66,6.
16, 66, 6. 11.16.60; 166,

Heroni· 016. vol. 111 66. 861106610.

10, 114, 663 16616, 128,
16. 26. 27, 1321112, 148,
8, 160, 19, 166, 16, 20. 27,
17225, 178, 22, 180,18.
21, 182, 7, 194, 13, 220, 7,
222, 3. 24, 226, 19, 228, 6.
7, 234, 5. 25. 28, 24228,
244, 1. 3. 17, 246, 5. 9, 248,
7,12, 25216, 25217, 254,
15, 256, 25. 26, 2529, 264,
2, 2722, 274,7, 276, 4.
21, 284, 22, 28210, 2829.
15. 26, 29219, 300, 10, 304,
6, 314,8 αὐτῆς 4, 2, 229,
229, 8212, 90,9, 96, 4.
17. 25, 98, 5. 8. 26, 10218,
104, 4. 5. 643 108, 2, 126,
1011, 140, 8, 176, 6, 196,
8, 188, 4. 18, 21224, 214,
3, 220, 5, 22226, 666,&
24214, 26212, 264, 8,
270, 10, 272, 9, 12. 28, 278,
26, 280,18, 28212, 288,
14 4666163 8, 22,’76, 19,
8215. 21, 84,16, 96, 22,
12219, 130, 26, 15211,
156,19.21,15,8 17, 164, 7.
12,194,1.9,11.14,218,18,
246, 15· 248, 2, 27219,
288, 23, 29212296, 7.10.
15, 292710, 304, 7, 310,
2, 812, 11. 18, 814, 1. 2
α6τῇ 2, 20, 56, 24, 60, 26,
64, 7, 921028, 10211,
126,1, 17218, 180,15;
190, 81, 200, 19, 204,10,
216, 8, 224, 24, 226, 5,
234, 27, 2424, 24211,
246,14, 250, 10, 258, 13,
266, 7, 212, 5, 27218,
30225 αὐτόν 54,11, 118,
8, 10. 143 122,9,162,20, 170,
18. 29, 17215. 17, 174, 28,
180, 9, 200, 25, 242, 7. 15,
254, 5, 274, 27, 284, 2228,
2821122, 294, 20 αὐτήν

21

 

